epoch,step,test_loss,test_pcc,train_loss_epoch,train_pcc_epoch,val_loss,val_pcc
0,38,,,,,5.291695594787598,0.042921967804431915
0,38,,,3.1360576152801514,-0.03378116339445114,,
1,77,,,,,4.864922046661377,0.13642147183418274
1,77,,,2.9333927631378174,0.04620920866727829,,
2,116,,,,,4.759603977203369,0.25968053936958313
2,116,,,2.861811637878418,-0.026941055431962013,,
3,155,,,,,4.696151256561279,0.3180738687515259
3,155,,,2.812619686126709,0.013629593886435032,,
4,194,,,,,4.639402389526367,0.3329547941684723
4,194,,,2.774517059326172,0.04688839241862297,,
5,233,,,,,4.5308308601379395,0.3673967719078064
5,233,,,2.6944363117218018,0.09895111620426178,,
6,272,,,,,4.493739604949951,0.3846871852874756
6,272,,,2.6934797763824463,0.09929005056619644,,
7,311,,,,,4.374671459197998,0.3939443528652191
7,311,,,2.652221202850342,0.1294042319059372,,
8,350,,,,,4.357885837554932,0.4006143808364868
8,350,,,2.63511061668396,0.15633240342140198,,
9,389,,,,,4.195998668670654,0.4002573788166046
9,389,,,2.50592303276062,0.2562907040119171,,
10,428,,,,,4.265040874481201,0.40790030360221863
10,428,,,2.536489248275757,0.22737781703472137,,
11,467,,,,,4.208390712738037,0.4153843820095062
11,467,,,2.562420606613159,0.227242574095726,,
12,506,,,,,4.137885570526123,0.42132997512817383
12,506,,,2.5347039699554443,0.22708164155483246,,
13,545,,,,,4.091418266296387,0.42348116636276245
13,545,,,2.452615261077881,0.25926563143730164,,
14,584,,,,,4.0814714431762695,0.4253269135951996
14,584,,,2.4742486476898193,0.24776607751846313,,
15,623,,,,,4.114810943603516,0.43048787117004395
15,623,,,2.4805150032043457,0.2811076045036316,,
16,662,,,,,4.058949947357178,0.43921399116516113
16,662,,,2.47652268409729,0.2757369875907898,,
17,701,,,,,4.067862033843994,0.4381749629974365
17,701,,,2.44167423248291,0.28193503618240356,,
18,740,,,,,4.010674953460693,0.4436451494693756
18,740,,,2.419131278991699,0.2912518084049225,,
19,779,,,,,3.974571943283081,0.4472157657146454
19,779,,,2.425711154937744,0.2743159830570221,,
20,818,,,,,3.8570542335510254,0.45641911029815674
20,818,,,2.343026638031006,0.317069947719574,,
21,857,,,,,3.9294097423553467,0.4703998863697052
21,857,,,2.4405479431152344,0.25902989506721497,,
22,896,,,,,3.947749614715576,0.4698394238948822
22,896,,,2.4336934089660645,0.26746702194213867,,
23,935,,,,,3.8546242713928223,0.4763624370098114
23,935,,,2.3363873958587646,0.2835552990436554,,
24,974,,,,,3.805845260620117,0.47715064883232117
24,974,,,2.4010121822357178,0.3126866817474365,,
25,1013,,,,,3.8089730739593506,0.4797760546207428
25,1013,,,2.3684794902801514,0.29436779022216797,,
26,1052,,,,,3.8832762241363525,0.4739952087402344
26,1052,,,2.265395402908325,0.34238502383232117,,
27,1091,,,,,3.8058297634124756,0.48091545701026917
27,1091,,,2.269216775894165,0.340840220451355,,
28,1130,,,,,3.705824613571167,0.4879661798477173
28,1130,,,2.285454511642456,0.34753385186195374,,
29,1169,,,,,3.7153937816619873,0.48566195368766785
29,1169,,,2.233057975769043,0.36944952607154846,,
30,1208,,,,,3.745025396347046,0.48197585344314575
30,1208,,,2.250061511993408,0.3430548310279846,,
31,1247,,,,,3.7104175090789795,0.47929009795188904
31,1247,,,2.220592498779297,0.36678212881088257,,
32,1286,,,,,3.6495609283447266,0.4849682152271271
32,1286,,,2.114643096923828,0.3872300088405609,,
33,1325,,,,,3.718859910964966,0.48419472575187683
33,1325,,,2.2716217041015625,0.3539830148220062,,
34,1364,,,,,3.6979401111602783,0.4807188808917999
34,1364,,,2.2312850952148438,0.3261893093585968,,
35,1403,,,,,3.6761720180511475,0.48337522149086
35,1403,,,2.1259710788726807,0.3771637976169586,,
36,1442,,,,,3.61114501953125,0.490522176027298
36,1442,,,2.1501646041870117,0.3744218349456787,,
37,1481,,,,,3.659423351287842,0.4940491318702698
37,1481,,,2.175488233566284,0.38201242685317993,,
38,1520,,,,,3.6406004428863525,0.5009070634841919
38,1520,,,2.0961012840270996,0.40409475564956665,,
39,1559,,,,,3.6166460514068604,0.4960766136646271
39,1559,,,2.0812454223632812,0.41661733388900757,,
40,1598,,,,,3.61525559425354,0.4914739429950714
40,1598,,,2.081688404083252,0.39188364148139954,,
41,1637,,,,,3.678485870361328,0.4891453683376312
41,1637,,,2.0633368492126465,0.3983667194843292,,
42,1676,,,,,3.6750192642211914,0.49467894434928894
42,1676,,,2.132237195968628,0.39891672134399414,,
43,1715,,,,,3.5585267543792725,0.4948713779449463
43,1715,,,1.9958280324935913,0.42706099152565,,
44,1754,,,,,3.7045035362243652,0.4800354242324829
44,1754,,,2.099837064743042,0.40963777899742126,,
45,1793,,,,,3.620190382003784,0.48848921060562134
45,1793,,,2.0165443420410156,0.4182756841182709,,
46,1832,,,,,3.665600299835205,0.48354092240333557
46,1832,,,2.0460591316223145,0.4379129111766815,,
47,1871,,,,,3.602778673171997,0.4861637353897095
47,1871,,,1.9762407541275024,0.47532057762145996,,
48,1910,,,,,3.6450209617614746,0.4917408227920532
48,1910,,,2.128066301345825,0.4094635546207428,,
49,1949,,,,,3.673715591430664,0.4905319809913635
49,1949,,,2.1135001182556152,0.40696319937705994,,
50,1988,,,,,3.590909004211426,0.49570316076278687
50,1988,,,1.9385918378829956,0.47340431809425354,,
51,2027,,,,,3.711545705795288,0.49184468388557434
51,2027,,,1.9946506023406982,0.44246551394462585,,
52,2066,,,,,3.5914080142974854,0.4921073615550995
52,2066,,,2.0743563175201416,0.4441109597682953,,
53,2105,,,,,3.67724609375,0.49280479550361633
53,2105,,,2.0334768295288086,0.48453229665756226,,
54,2144,,,,,3.543175220489502,0.5003078579902649
54,2144,,,1.884648084640503,0.4969516098499298,,
55,2183,,,,,3.6631970405578613,0.49693793058395386
55,2183,,,1.9430078268051147,0.4546402096748352,,
56,2222,,,,,3.6129119396209717,0.4915560185909271
56,2222,,,1.9659932851791382,0.46571534872055054,,
57,2261,,,,,3.5493106842041016,0.4959835112094879
57,2261,,,1.8523491621017456,0.5012017488479614,,
58,2300,,,,,3.6264312267303467,0.49791011214256287
58,2300,,,1.8799211978912354,0.49197983741760254,,
59,2339,,,,,3.567915916442871,0.5039252638816833
59,2339,,,1.8219640254974365,0.4808296263217926,,
60,2378,,,,,3.5000908374786377,0.5037714838981628
60,2378,,,1.8338210582733154,0.4969419240951538,,
61,2417,,,,,3.499811887741089,0.5135542750358582
61,2417,,,1.893046259880066,0.48987624049186707,,
62,2456,,,,,3.5258893966674805,0.5076833963394165
62,2456,,,1.8794671297073364,0.4707092344760895,,
63,2495,,,,,3.5725901126861572,0.5040222406387329
63,2495,,,1.8741881847381592,0.4881433844566345,,
64,2534,,,,,3.5582900047302246,0.5060210824012756
64,2534,,,1.7598623037338257,0.5348604917526245,,
65,2573,,,,,3.466726064682007,0.514329195022583
65,2573,,,1.8982946872711182,0.47223883867263794,,
66,2612,,,,,3.5475265979766846,0.5105838775634766
66,2612,,,1.8456189632415771,0.5106054544448853,,
67,2651,,,,,3.5176920890808105,0.5121534466743469
67,2651,,,1.934001088142395,0.43906736373901367,,
68,2690,,,,,3.421511173248291,0.5194902420043945
68,2690,,,1.8094812631607056,0.505548894405365,,
69,2729,,,,,3.4306726455688477,0.514421820640564
69,2729,,,1.7083508968353271,0.5114719867706299,,
70,2768,,,,,3.508110284805298,0.5103052258491516
70,2768,,,1.8701894283294678,0.48968321084976196,,
71,2807,,,,,3.4629082679748535,0.5177472829818726
71,2807,,,1.8022507429122925,0.49965447187423706,,
72,2846,,,,,3.5313782691955566,0.5085821747779846
72,2846,,,1.8618555068969727,0.49855291843414307,,
73,2885,,,,,3.458913564682007,0.5143696665763855
73,2885,,,1.7879558801651,0.5019915103912354,,
74,2924,,,,,3.507761240005493,0.5071510672569275
74,2924,,,1.7823619842529297,0.5097450613975525,,
75,2963,,,,,3.4883782863616943,0.5206237435340881
75,2963,,,1.879321813583374,0.4934346079826355,,
76,3002,,,,,3.435673713684082,0.5238226056098938
76,3002,,,1.7042242288589478,0.541167140007019,,
77,3041,,,,,3.422259569168091,0.5302223563194275
77,3041,,,1.8510112762451172,0.5058121681213379,,
78,3080,,,,,3.457524538040161,0.5214151740074158
78,3080,,,1.6959445476531982,0.557572066783905,,
79,3119,,,,,3.447463274002075,0.5250577926635742
79,3119,,,1.8360424041748047,0.5215092301368713,,
80,3158,,,,,3.4312479496002197,0.5238747000694275
80,3158,,,1.7699724435806274,0.5621020197868347,,
81,3197,,,,,3.438319444656372,0.5219110250473022
81,3197,,,1.859200119972229,0.5263003706932068,,
82,3236,,,,,3.446697235107422,0.5184922218322754
82,3236,,,1.799727439880371,0.5447295308113098,,
83,3275,,,,,3.5121827125549316,0.511752188205719
83,3275,,,1.7636728286743164,0.549267053604126,,
84,3314,,,,,3.435290575027466,0.5156311988830566
84,3314,,,1.745932698249817,0.5213125348091125,,
85,3353,,,,,3.428901433944702,0.5117870569229126
85,3353,,,1.645641565322876,0.5552536249160767,,
86,3392,,,,,3.5516085624694824,0.5026425123214722
86,3392,,,1.7028969526290894,0.554053008556366,,
87,3431,,,,,3.5341989994049072,0.509364664554596
87,3431,,,1.6716809272766113,0.5230140089988708,,
88,3470,,,,,3.4566311836242676,0.5129380822181702
88,3470,,,1.55927312374115,0.5802823305130005,,
89,3509,,,,,3.3694558143615723,0.5236985683441162
89,3509,,,1.6589584350585938,0.5537213087081909,,
90,3548,,,,,3.45735502243042,0.5231492519378662
90,3548,,,1.7494962215423584,0.5650705695152283,,
91,3587,,,,,3.4349772930145264,0.5220876336097717
91,3587,,,1.6549898386001587,0.5444759726524353,,
92,3626,,,,,3.3976242542266846,0.5226231217384338
92,3626,,,1.6581299304962158,0.5528132319450378,,
93,3665,,,,,3.437410593032837,0.5314882397651672
93,3665,,,1.5414819717407227,0.584388256072998,,
94,3704,,,,,3.3656651973724365,0.5277277827262878
94,3704,,,1.5395537614822388,0.5836352705955505,,
95,3743,,,,,3.4744412899017334,0.5259345769882202
95,3743,,,1.7337915897369385,0.5350016355514526,,
96,3782,,,,,3.3808932304382324,0.5306402444839478
96,3782,,,1.5798680782318115,0.5550406575202942,,
97,3821,,,,,3.357703924179077,0.5278037190437317
97,3821,,,1.453102707862854,0.6118269562721252,,
98,3860,,,,,3.4356651306152344,0.5384703874588013
98,3860,,,1.628974437713623,0.569895327091217,,
99,3899,,,,,3.5100762844085693,0.5311412811279297
99,3899,,,1.7399386167526245,0.5873897671699524,,
100,3938,,,,,3.441667079925537,0.5333386063575745
100,3938,,,1.7330843210220337,0.551766037940979,,
101,3977,,,,,3.3924660682678223,0.5364627242088318
101,3977,,,1.5761823654174805,0.5658273696899414,,
102,4016,,,,,3.3176815509796143,0.5397658944129944
102,4016,,,1.6392992734909058,0.5748368501663208,,
103,4055,,,,,3.483564853668213,0.527306854724884
103,4055,,,1.6656619310379028,0.5850042104721069,,
104,4094,,,,,3.318582534790039,0.5268337726593018
104,4094,,,1.487230896949768,0.5890669226646423,,
105,4133,,,,,3.390204429626465,0.5258035063743591
105,4133,,,1.5495669841766357,0.5678524971008301,,
106,4172,,,,,3.315477132797241,0.5367333889007568
106,4172,,,1.6582186222076416,0.5606430768966675,,
107,4211,,,,,3.4548568725585938,0.5303261280059814
107,4211,,,1.540343165397644,0.6196854710578918,,
108,4250,,,,,3.396395683288574,0.5321678519248962
108,4250,,,1.5497068166732788,0.5895750522613525,,
109,4289,,,,,3.4569849967956543,0.5357486009597778
109,4289,,,1.4788235425949097,0.6016058325767517,,
110,4328,,,,,3.345391035079956,0.542304277420044
110,4328,,,1.6590957641601562,0.569230318069458,,
111,4367,,,,,3.448899745941162,0.5280900001525879
111,4367,,,1.6707053184509277,0.5726326107978821,,
112,4406,,,,,3.3189709186553955,0.5369409918785095
112,4406,,,1.4424288272857666,0.6070545315742493,,
113,4445,,,,,3.3014721870422363,0.5389791131019592
113,4445,,,1.4376246929168701,0.6041688919067383,,
114,4484,,,,,3.324995279312134,0.5401524305343628
114,4484,,,1.5482174158096313,0.6040515303611755,,
115,4523,,,,,3.3224070072174072,0.5339347720146179
115,4523,,,1.4161198139190674,0.6243153810501099,,
116,4562,,,,,3.445509433746338,0.5230903625488281
116,4562,,,1.7101624011993408,0.5666338801383972,,
117,4601,,,,,3.392751932144165,0.5277281999588013
117,4601,,,1.5557266473770142,0.5776814222335815,,
118,4640,,,,,3.409729242324829,0.5312706232070923
118,4640,,,1.6312252283096313,0.5703774094581604,,
119,4679,,,,,3.4820053577423096,0.5196258425712585
119,4679,,,1.4899438619613647,0.6032537221908569,,
120,4718,,,,,3.5046632289886475,0.5262040495872498
120,4718,,,1.6369755268096924,0.5898202061653137,,
121,4757,,,,,3.3551084995269775,0.5363436937332153
121,4757,,,1.4745728969573975,0.6309798359870911,,
122,4796,,,,,3.371380567550659,0.5315616726875305
122,4796,,,1.6014080047607422,0.5675274729728699,,
123,4835,,,,,3.266010046005249,0.5384384989738464
123,4835,,,1.435888648033142,0.621928334236145,,
124,4874,,,,,3.3269596099853516,0.5423193573951721
124,4874,,,1.5128639936447144,0.5878346562385559,,
125,4913,,,,,3.31669020652771,0.5414774417877197
125,4913,,,1.545515537261963,0.5734280347824097,,
126,4952,,,,,3.3044347763061523,0.543727695941925
126,4952,,,1.3401856422424316,0.6198914051055908,,
127,4991,,,,,3.281780958175659,0.5399948358535767
127,4991,,,1.551769495010376,0.5798035860061646,,
128,5030,,,,,3.445237398147583,0.522871196269989
128,5030,,,1.6098896265029907,0.5811439752578735,,
129,5069,,,,,3.388674259185791,0.52748042345047
129,5069,,,1.5045418739318848,0.6029990315437317,,
130,5108,,,,,3.418187379837036,0.5256336331367493
130,5108,,,1.4792531728744507,0.6350870728492737,,
131,5147,,,,,3.391634702682495,0.5277040600776672
131,5147,,,1.4523612260818481,0.5945191979408264,,
132,5186,,,,,3.4956812858581543,0.5151816606521606
132,5186,,,1.5494433641433716,0.5988003611564636,,
133,5225,,,,,3.4608700275421143,0.5190826058387756
133,5225,,,1.520656943321228,0.6059960722923279,,
134,5264,,,,,3.334742784500122,0.5281883478164673
134,5264,,,1.2477638721466064,0.6943762302398682,,
135,5303,,,,,3.5042827129364014,0.5176690220832825
135,5303,,,1.84562349319458,0.5829188823699951,,
136,5342,,,,,3.411525249481201,0.5245887041091919
136,5342,,,1.429486632347107,0.5885586738586426,,
137,5381,,,,,3.359987735748291,0.5327412486076355
137,5381,,,1.395406723022461,0.6231911182403564,,
138,5420,,,,,3.3456969261169434,0.5299845933914185
138,5420,,,1.6175479888916016,0.5740914940834045,,
139,5459,,,,,3.4126944541931152,0.5301321744918823
139,5459,,,1.5285288095474243,0.6123751401901245,,
140,5498,,,,,3.3916754722595215,0.5251458883285522
140,5498,,,1.5634708404541016,0.5987093448638916,,
141,5537,,,,,3.3665008544921875,0.5297317504882812
141,5537,,,1.3177359104156494,0.6352778673171997,,
142,5576,,,,,3.3546979427337646,0.5249814987182617
142,5576,,,1.3450596332550049,0.6356022953987122,,
143,5615,,,,,3.4603092670440674,0.5225221514701843
143,5615,,,1.3798046112060547,0.6417614817619324,,
144,5654,,,,,3.36832332611084,0.5306283831596375
144,5654,,,1.4523204565048218,0.6462953686714172,,
145,5693,,,,,3.312082290649414,0.5336434245109558
145,5693,,,1.4093674421310425,0.6351481676101685,,
146,5732,,,,,3.359712600708008,0.5321036577224731
146,5732,,,1.5913136005401611,0.5984951257705688,,
147,5771,,,,,3.343371629714966,0.5335375666618347
147,5771,,,1.5427290201187134,0.6317551732063293,,
148,5810,,,,,3.310351848602295,0.5361021161079407
148,5810,,,1.3885160684585571,0.612250030040741,,
149,5849,,,,,3.3447482585906982,0.5344499349594116
149,5849,,,1.6212705373764038,0.5819348692893982,,
150,5888,,,,,3.3342108726501465,0.5276070237159729
150,5888,,,1.419752836227417,0.6263552308082581,,
151,5927,,,,,3.3797171115875244,0.5260655879974365
151,5927,,,1.3465160131454468,0.6367725729942322,,
152,5966,,,,,3.330510139465332,0.5358986258506775
152,5966,,,1.3484296798706055,0.6335287690162659,,
153,6005,,,,,3.302490472793579,0.5296257138252258
153,6005,,,1.2729774713516235,0.6499125361442566,,
154,6044,,,,,3.326134443283081,0.5332792401313782
154,6044,,,1.4611104726791382,0.6231118440628052,,
155,6083,,,,,3.389867067337036,0.526491105556488
155,6083,,,1.3699932098388672,0.6354728937149048,,
156,6122,,,,,3.29585337638855,0.5327120423316956
156,6122,,,1.3792634010314941,0.6238587498664856,,
157,6161,,,,,3.3407986164093018,0.5296424627304077
157,6161,,,1.4254381656646729,0.6317479014396667,,
158,6200,,,,,3.3462507724761963,0.5282822251319885
158,6200,,,1.2749260663986206,0.6405887603759766,,
159,6239,,,,,3.3360888957977295,0.5320959091186523
159,6239,,,1.4773998260498047,0.5996578931808472,,
160,6278,,,,,3.3317148685455322,0.5233086347579956
160,6278,,,1.3699963092803955,0.6417866945266724,,
161,6317,,,,,3.31266188621521,0.528817355632782
161,6317,,,1.3271952867507935,0.6556843519210815,,
162,6356,,,,,3.4275832176208496,0.5220720767974854
162,6356,,,1.5977954864501953,0.6591019034385681,,
163,6395,,,,,3.4060699939727783,0.5230912566184998
163,6395,,,1.3963756561279297,0.6212498545646667,,
164,6434,,,,,3.3286807537078857,0.5275656580924988
164,6434,,,1.3810771703720093,0.6390154361724854,,
165,6473,,,,,3.347141742706299,0.5303206443786621
165,6473,,,1.6237691640853882,0.6212678551673889,,
166,6512,,,,,3.347785711288452,0.5196376442909241
166,6512,,,1.4142926931381226,0.6335853934288025,,
167,6551,,,,,3.4204046726226807,0.5198290348052979
167,6551,,,1.4170466661453247,0.6445202231407166,,
168,6590,,,,,3.313596725463867,0.5265747308731079
168,6590,,,1.3372958898544312,0.6698819398880005,,
169,6629,,,,,3.3058605194091797,0.5285806059837341
169,6629,,,1.2332463264465332,0.6659813523292542,,
170,6668,,,,,3.3877642154693604,0.5308075547218323
170,6668,,,1.5857534408569336,0.6304906606674194,,
171,6707,,,,,3.370084762573242,0.531211793422699
171,6707,,,1.5909209251403809,0.5876379013061523,,
172,6746,,,,,3.3316328525543213,0.5324386358261108
172,6746,,,1.4922367334365845,0.6149505972862244,,
173,6785,,,,,3.3441333770751953,0.528216540813446
173,6785,,,1.4133449792861938,0.6131492257118225,,
174,6824,,,,,3.404397964477539,0.5153127312660217
174,6824,,,1.351969838142395,0.6522561311721802,,
175,6863,,,,,3.4446866512298584,0.51632159948349
175,6863,,,1.5317682027816772,0.621609091758728,,
176,6902,,,,,3.3528659343719482,0.5255855917930603
176,6902,,,1.4028793573379517,0.6275091171264648,,
177,6941,,,,,3.377896547317505,0.5288007259368896
177,6941,,,1.2796454429626465,0.6667321920394897,,
178,6980,,,,,3.3135147094726562,0.5309330224990845
178,6980,,,1.3645981550216675,0.6454194188117981,,
179,7019,,,,,3.3033878803253174,0.5318707227706909
179,7019,,,1.2050700187683105,0.6680790185928345,,
180,7058,,,,,3.3219635486602783,0.5325177907943726
180,7058,,,1.535592794418335,0.6388809084892273,,
181,7097,,,,,3.3715624809265137,0.5230571031570435
181,7097,,,1.3267725706100464,0.6205955147743225,,
182,7136,,,,,3.4481139183044434,0.5198027491569519
182,7136,,,1.4097766876220703,0.655393123626709,,
183,7175,,,,,3.353788137435913,0.5264903903007507
183,7175,,,1.4292434453964233,0.6422038078308105,,
184,7214,,,,,3.278175115585327,0.5328202247619629
184,7214,,,1.4647831916809082,0.6554027795791626,,
185,7253,,,,,3.347141742706299,0.5295057892799377
185,7253,,,1.2996796369552612,0.6521769762039185,,
186,7292,,,,,3.308384895324707,0.526118814945221
186,7292,,,1.3802506923675537,0.63485187292099,,
187,7331,,,,,3.3381664752960205,0.5218735933303833
187,7331,,,1.4086943864822388,0.6322734355926514,,
188,7370,,,,,3.3605778217315674,0.5232560634613037
188,7370,,,1.32461678981781,0.6571983695030212,,
189,7409,,,,,3.347987413406372,0.5282367467880249
189,7409,,,1.2181439399719238,0.68829345703125,,
190,7448,,,,,3.3770101070404053,0.5231543779373169
190,7448,,,1.461059331893921,0.6351361870765686,,
191,7487,,,,,3.3524134159088135,0.5255126357078552
191,7487,,,1.4332329034805298,0.6279951333999634,,
192,7526,,,,,3.3625540733337402,0.5269436240196228
192,7526,,,1.3842740058898926,0.665693998336792,,
193,7565,,,,,3.313687324523926,0.5276668071746826
193,7565,,,1.3852375745773315,0.6250201463699341,,
194,7604,,,,,3.3488290309906006,0.5233515501022339
194,7604,,,1.5472344160079956,0.6403847932815552,,
195,7643,,,,,3.4131457805633545,0.5240300297737122
195,7643,,,1.349059820175171,0.6503851413726807,,
196,7682,,,,,3.3544135093688965,0.5285834074020386
196,7682,,,1.3203493356704712,0.6446502804756165,,
197,7721,,,,,3.337864398956299,0.5270290970802307
197,7721,,,1.3619304895401,0.6638075709342957,,
198,7760,,,,,3.318086624145508,0.5242576003074646
198,7760,,,1.3784033060073853,0.6542226076126099,,
199,7799,,,,,3.342435359954834,0.5200924277305603
199,7799,,,1.1407647132873535,0.6852031350135803,,
200,7838,,,,,3.389190912246704,0.5129079818725586
200,7838,,,1.7086249589920044,0.6459964513778687,,
201,7877,,,,,3.4981706142425537,0.5029626488685608
201,7877,,,1.475634217262268,0.6384652256965637,,
202,7916,,,,,3.3428127765655518,0.5205855369567871
202,7916,,,1.434291958808899,0.6199398636817932,,
203,7955,,,,,3.441162586212158,0.5173329710960388
203,7955,,,1.518110990524292,0.6415393948554993,,
204,7994,,,,,3.363847017288208,0.5236320495605469
204,7994,,,1.399462342262268,0.6425837278366089,,
205,8033,,,,,3.392228603363037,0.5216432213783264
205,8033,,,1.6288036108016968,0.6063718795776367,,
206,8072,,,,,3.3312246799468994,0.5248991250991821
206,8072,,,1.660245656967163,0.6713266372680664,,
207,8111,,,,,3.356900930404663,0.5250884294509888
207,8111,,,1.4549055099487305,0.6262997984886169,,
208,8150,,,,,3.3728129863739014,0.5229790806770325
208,8150,,,1.4310429096221924,0.6479104161262512,,
209,8189,,,,,3.469644546508789,0.5130057334899902
209,8189,,,1.3956756591796875,0.6490588784217834,,
210,8228,,,,,3.4203813076019287,0.5126403570175171
210,8228,,,1.328454613685608,0.6681692004203796,,
211,8267,,,,,3.3912014961242676,0.5203056931495667
211,8267,,,1.4739680290222168,0.6392202973365784,,
212,8306,,,,,3.3309133052825928,0.5221204161643982
212,8306,,,1.3784940242767334,0.6352235078811646,,
213,8345,,,,,3.3476970195770264,0.5235323309898376
213,8345,,,1.308755874633789,0.6416222453117371,,
214,8384,,,,,3.468313694000244,0.5120272040367126
214,8384,,,1.3329901695251465,0.6673073768615723,,
215,8423,,,,,3.3930625915527344,0.515988826751709
215,8423,,,1.269047737121582,0.6641289591789246,,
216,8462,,,,,3.452115774154663,0.5102154016494751
216,8462,,,1.402515172958374,0.6360097527503967,,
217,8501,,,,,3.3997271060943604,0.5091203451156616
217,8501,,,1.4077116250991821,0.682612955570221,,
218,8540,,,,,3.4126784801483154,0.5122179985046387
218,8540,,,1.3524889945983887,0.6550654172897339,,
219,8579,,,,,3.341996192932129,0.5154655575752258
219,8579,,,1.2328287363052368,0.6944702863693237,,
220,8618,,,,,3.3101656436920166,0.5258206725120544
220,8618,,,1.298511266708374,0.6514480710029602,,
221,8657,,,,,3.4017930030822754,0.5260173082351685
221,8657,,,1.3055617809295654,0.6836878061294556,,
222,8696,,,,,3.2936525344848633,0.5301946997642517
222,8696,,,1.2333406209945679,0.6744680404663086,,
223,8735,,,,,3.3205788135528564,0.5255420804023743
223,8735,,,1.3012813329696655,0.679774284362793,,
224,8774,,,,,3.3195364475250244,0.5221357941627502
224,8774,,,1.1726926565170288,0.6804113388061523,,
225,8813,,,,,3.3638293743133545,0.5158465504646301
225,8813,,,1.3106926679611206,0.6510645747184753,,
226,8852,,,,,3.3229446411132812,0.5167844891548157
226,8852,,,1.2828930616378784,0.655564546585083,,
227,8891,,,,,3.3507461547851562,0.5211855173110962
227,8891,,,1.365512728691101,0.6322515606880188,,
228,8930,,,,,3.376610517501831,0.5147223472595215
228,8930,,,1.5134304761886597,0.647515594959259,,
229,8969,,,,,3.3505373001098633,0.5130101442337036
229,8969,,,1.3872430324554443,0.6643025279045105,,
230,9008,,,,,3.4112658500671387,0.5093357563018799
230,9008,,,1.3357237577438354,0.6533821225166321,,
231,9047,,,,,3.3563897609710693,0.5165746212005615
231,9047,,,1.3170326948165894,0.6686661839485168,,
232,9086,,,,,3.396864652633667,0.5169618129730225
232,9086,,,1.1845117807388306,0.6774362325668335,,
233,9125,,,,,3.334376811981201,0.5164461135864258
233,9125,,,1.451536774635315,0.6264393925666809,,
234,9164,,,,,3.356537103652954,0.5131825804710388
234,9164,,,1.2471743822097778,0.6721741557121277,,
235,9203,,,,,3.4291956424713135,0.5013902187347412
235,9203,,,1.2602440118789673,0.6699429750442505,,
236,9242,,,,,3.3980886936187744,0.5130072832107544
236,9242,,,1.3862775564193726,0.6661851406097412,,
237,9281,,,,,3.38525128364563,0.5123422145843506
237,9281,,,1.3107203245162964,0.6750737428665161,,
238,9320,,,,,3.3742570877075195,0.510144054889679
238,9320,,,1.3578028678894043,0.6632288694381714,,
239,9359,,,,,3.3285014629364014,0.5194051265716553
239,9359,,,1.3542766571044922,0.6558703184127808,,
240,9398,,,,,3.360943078994751,0.5143411159515381
240,9398,,,1.2633004188537598,0.6802322268486023,,
241,9437,,,,,3.3625028133392334,0.5147294402122498
241,9437,,,1.365619421005249,0.6661363244056702,,
242,9476,,,,,3.347560405731201,0.5215039849281311
242,9476,,,1.2941967248916626,0.6735072731971741,,
243,9515,,,,,3.329394817352295,0.522123396396637
243,9515,,,1.2255207300186157,0.682539701461792,,
244,9554,,,,,3.3641417026519775,0.5171899199485779
244,9554,,,1.2847106456756592,0.6503909230232239,,
245,9593,,,,,3.397679567337036,0.5156798958778381
245,9593,,,1.490036129951477,0.6452080607414246,,
246,9632,,,,,3.402935743331909,0.5109395384788513
246,9632,,,1.3231781721115112,0.6636930704116821,,
247,9671,,,,,3.4350786209106445,0.5095164775848389
247,9671,,,1.1506868600845337,0.6876096725463867,,
248,9710,,,,,3.4135897159576416,0.5056151747703552
248,9710,,,1.3557795286178589,0.6983711123466492,,
249,9749,,,,,3.3977365493774414,0.5099005699157715
249,9749,,,1.1908390522003174,0.6790016293525696,,
250,9788,,,,,3.3918347358703613,0.5129988789558411
250,9788,,,1.4149487018585205,0.6620813608169556,,
251,9827,,,,,3.4125888347625732,0.514606773853302
251,9827,,,1.3042289018630981,0.6767852902412415,,
252,9866,,,,,3.404041051864624,0.5118919610977173
252,9866,,,1.3609530925750732,0.6832733154296875,,
253,9905,,,,,3.428966760635376,0.508467435836792
253,9905,,,1.4133760929107666,0.6847423911094666,,
254,9944,,,,,3.418835163116455,0.5124626755714417
254,9944,,,1.276521921157837,0.6744956970214844,,
255,9983,,,,,3.393230676651001,0.5135191679000854
255,9983,,,1.2803086042404175,0.6479281187057495,,
256,10022,,,,,3.3999955654144287,0.5129317045211792
256,10022,,,1.1329045295715332,0.6815429329872131,,
257,10061,,,,,3.4024598598480225,0.5117887258529663
257,10061,,,1.3507952690124512,0.6704977750778198,,
258,10100,,,,,3.3722853660583496,0.5182772874832153
258,10100,,,1.2209240198135376,0.6999946236610413,,
259,10139,,,,,3.3949787616729736,0.5166921615600586
259,10139,,,1.2074774503707886,0.680791437625885,,
260,10178,,,,,3.3268675804138184,0.5157843232154846
260,10178,,,1.2668462991714478,0.6740567088127136,,
261,10217,,,,,3.3578500747680664,0.5148252248764038
261,10217,,,1.2660900354385376,0.6611052751541138,,
262,10256,,,,,3.3210244178771973,0.5195682644844055
262,10256,,,1.1398394107818604,0.6983250379562378,,
263,10295,,,,,3.3264026641845703,0.5168967843055725
263,10295,,,1.1507489681243896,0.6937827467918396,,
264,10334,,,,,3.3354341983795166,0.5190032720565796
264,10334,,,1.1470682621002197,0.7037279605865479,,
265,10373,,,,,3.352306604385376,0.5174303650856018
265,10373,,,1.4102466106414795,0.6620391607284546,,
266,10412,,,,,3.37312388420105,0.511154294013977
266,10412,,,1.3573497533798218,0.6840090751647949,,
267,10451,,,,,3.387050151824951,0.5084762573242188
267,10451,,,1.24673593044281,0.68379145860672,,
268,10490,,,,,3.3836708068847656,0.5098710656166077
268,10490,,,1.3584256172180176,0.64983069896698,,
269,10529,,,,,3.408672571182251,0.5043286085128784
269,10529,,,1.2384198904037476,0.6864116787910461,,
270,10568,,,,,3.4378714561462402,0.5070222616195679
270,10568,,,1.335722804069519,0.6699732542037964,,
271,10607,,,,,3.410372495651245,0.5061933398246765
271,10607,,,1.1690704822540283,0.6936613917350769,,
272,10646,,,,,3.4823720455169678,0.5071947574615479
272,10646,,,1.2632217407226562,0.6822589039802551,,
273,10685,,,,,3.424196243286133,0.5075628161430359
273,10685,,,1.2951596975326538,0.6971933841705322,,
274,10724,,,,,3.3506979942321777,0.5153967142105103
274,10724,,,1.221137285232544,0.6684424877166748,,
275,10763,,,,,3.3721201419830322,0.5107849836349487
275,10763,,,1.2751444578170776,0.6697784066200256,,
276,10802,,,,,3.3647165298461914,0.5087254047393799
276,10802,,,1.2753583192825317,0.6751841306686401,,
277,10841,,,,,3.3625142574310303,0.5103848576545715
277,10841,,,1.166025996208191,0.689825177192688,,
278,10880,,,,,3.342982769012451,0.5127788186073303
278,10880,,,1.206279993057251,0.6549842357635498,,
279,10919,,,,,3.382911205291748,0.5072529911994934
279,10919,,,1.2954001426696777,0.6809574961662292,,
280,10958,,,,,3.3907387256622314,0.5077197551727295
280,10958,,,1.2646019458770752,0.6768654584884644,,
281,10997,,,,,3.4555113315582275,0.5060685276985168
281,10997,,,1.7754164934158325,0.6728770136833191,,
282,11036,,,,,3.4308815002441406,0.5020609498023987
282,11036,,,1.2344238758087158,0.6736227869987488,,
283,11075,,,,,3.4204444885253906,0.5049793720245361
283,11075,,,1.4966404438018799,0.670883059501648,,
284,11114,,,,,3.4260714054107666,0.502675473690033
284,11114,,,1.2432928085327148,0.6689631938934326,,
285,11153,,,,,3.3747475147247314,0.5098737478256226
285,11153,,,1.2228707075119019,0.690372884273529,,
286,11192,,,,,3.39144229888916,0.5072525143623352
286,11192,,,1.3100464344024658,0.6800529956817627,,
287,11231,,,,,3.4701149463653564,0.5022343993186951
287,11231,,,1.2700937986373901,0.6717069745063782,,
288,11270,,,,,3.4495763778686523,0.5067582130432129
288,11270,,,1.2763036489486694,0.6761288642883301,,
289,11309,,,,,3.4856746196746826,0.4996524453163147
289,11309,,,1.321825623512268,0.6947417855262756,,
290,11348,,,,,3.4240777492523193,0.5055166482925415
290,11348,,,1.082513689994812,0.6941705942153931,,
291,11387,,,,,3.4137163162231445,0.49784550070762634
291,11387,,,1.1128753423690796,0.6959834694862366,,
292,11426,,,,,3.375823497772217,0.511536717414856
292,11426,,,1.2466449737548828,0.657181441783905,,
293,11465,,,,,3.3229970932006836,0.5198076367378235
293,11465,,,1.1997811794281006,0.6872975826263428,,
294,11504,,,,,3.371325731277466,0.513862133026123
294,11504,,,1.1526535749435425,0.6840705871582031,,
295,11543,,,,,3.341977596282959,0.514750599861145
295,11543,,,1.1461771726608276,0.6842238306999207,,
296,11582,,,,,3.4183876514434814,0.4992177188396454
296,11582,,,1.2245153188705444,0.6793901324272156,,
297,11621,,,,,3.4758460521698,0.49470144510269165
297,11621,,,1.165496587753296,0.6760734915733337,,
298,11660,,,,,3.5144245624542236,0.49536895751953125
298,11660,,,1.3509948253631592,0.6665707230567932,,
299,11699,,,,,3.459792137145996,0.5001895427703857
299,11699,,,1.3262091875076294,0.6936452984809875,,
300,11738,,,,,3.376006603240967,0.5070645213127136
300,11738,,,1.5626205205917358,0.6713988184928894,,
301,11777,,,,,3.401735305786133,0.5124014019966125
301,11777,,,1.3069732189178467,0.6696462631225586,,
302,11816,,,,,3.384345531463623,0.5085476040840149
302,11816,,,1.372206211090088,0.656602144241333,,
303,11855,,,,,3.398820638656616,0.5070971250534058
303,11855,,,1.2705568075180054,0.6846111416816711,,
304,11894,,,,,3.4104208946228027,0.5038044452667236
304,11894,,,1.2180368900299072,0.6770801544189453,,
305,11933,,,,,3.3732330799102783,0.5091564059257507
305,11933,,,1.1650093793869019,0.681868851184845,,
306,11972,,,,,3.436577796936035,0.4996436536312103
306,11972,,,1.2873121500015259,0.7132134437561035,,
307,12011,,,,,3.4372432231903076,0.4993157684803009
307,12011,,,1.2610819339752197,0.6914948225021362,,
308,12050,,,,,3.3922624588012695,0.5014851093292236
308,12050,,,1.324779748916626,0.6473773121833801,,
309,12089,,,,,3.354462146759033,0.5117956399917603
309,12089,,,1.190177083015442,0.6839612126350403,,
310,12128,,,,,3.4567956924438477,0.4991838037967682
310,12128,,,1.2644823789596558,0.677038848400116,,
311,12167,,,,,3.440335273742676,0.49768897891044617
311,12167,,,1.5046895742416382,0.6374427080154419,,
312,12206,,,,,3.4232022762298584,0.503411591053009
312,12206,,,1.2240455150604248,0.6585748791694641,,
313,12245,,,,,3.352973699569702,0.5118767619132996
313,12245,,,1.194211721420288,0.6950886845588684,,
314,12284,,,,,3.3606624603271484,0.5172466039657593
314,12284,,,1.3215152025222778,0.6698790192604065,,
315,12323,,,,,3.3010177612304688,0.5246975421905518
315,12323,,,1.1866573095321655,0.6917067170143127,,
316,12362,,,,,3.3248260021209717,0.5155400633811951
316,12362,,,1.2489768266677856,0.683651864528656,,
317,12401,,,,,3.412598133087158,0.5072680115699768
317,12401,,,1.0434831380844116,0.6964410543441772,,
318,12440,,,,,3.353121042251587,0.5153282880783081
318,12440,,,1.3579370975494385,0.6583828330039978,,
319,12479,,,,,3.333751916885376,0.5155937671661377
319,12479,,,1.2936664819717407,0.6627983450889587,,
320,12518,,,,,3.3926713466644287,0.5134607553482056
320,12518,,,1.2796329259872437,0.676109790802002,,
321,12557,,,,,3.3699615001678467,0.5135414600372314
321,12557,,,1.08250093460083,0.7273749709129333,,
322,12596,,,,,3.3448410034179688,0.5140766501426697
322,12596,,,1.2621086835861206,0.676260769367218,,
323,12635,,,,,3.393815279006958,0.5112665891647339
323,12635,,,1.160246729850769,0.679128110408783,,
324,12674,,,,,3.363767147064209,0.5128526091575623
324,12674,,,1.3621207475662231,0.6931427717208862,,
325,12713,,,,,3.363171339035034,0.5128051042556763
325,12713,,,1.3456934690475464,0.6760984659194946,,
326,12752,,,,,3.4488525390625,0.5112738609313965
326,12752,,,1.4183709621429443,0.6784974336624146,,
327,12791,,,,,3.4009640216827393,0.5167670845985413
327,12791,,,1.276507019996643,0.6616715788841248,,
328,12830,,,,,3.316967010498047,0.525689423084259
328,12830,,,1.1848657131195068,0.6893153786659241,,
329,12869,,,,,3.323160409927368,0.524966299533844
329,12869,,,1.2481187582015991,0.6883772015571594,,
330,12908,,,,,3.3326377868652344,0.5216419696807861
330,12908,,,1.175242304801941,0.6813913583755493,,
331,12947,,,,,3.416628837585449,0.5193858742713928
331,12947,,,1.3389687538146973,0.6678190231323242,,
332,12986,,,,,3.3245840072631836,0.5209407210350037
332,12986,,,1.1675523519515991,0.6687034964561462,,
333,13025,,,,,3.300607442855835,0.5210742354393005
333,13025,,,1.082807183265686,0.6882792115211487,,
334,13064,,,,,3.3641719818115234,0.5167982578277588
334,13064,,,1.18028724193573,0.6863052248954773,,
335,13103,,,,,3.3918285369873047,0.5075075030326843
335,13103,,,1.182577133178711,0.7375081181526184,,
336,13142,,,,,3.3970019817352295,0.5056443810462952
336,13142,,,1.3587143421173096,0.7078514099121094,,
337,13181,,,,,3.4429469108581543,0.500812828540802
337,13181,,,1.0838570594787598,0.7214370965957642,,
338,13220,,,,,3.426867723464966,0.5085572600364685
338,13220,,,1.3507415056228638,0.6809319257736206,,
339,13259,,,,,3.3493850231170654,0.5147024393081665
339,13259,,,1.2687301635742188,0.6952098608016968,,
340,13298,,,,,3.4656670093536377,0.5057048797607422
340,13298,,,1.304219126701355,0.6855175495147705,,
341,13337,,,,,3.4323008060455322,0.5086653232574463
341,13337,,,1.3296940326690674,0.686244547367096,,
342,13376,,,,,3.352356433868408,0.5135588645935059
342,13376,,,1.1587140560150146,0.6848551034927368,,
343,13415,,,,,3.3963711261749268,0.510116457939148
343,13415,,,1.6120989322662354,0.6991537809371948,,
344,13454,,,,,3.362779140472412,0.517606258392334
344,13454,,,1.3791747093200684,0.6492514610290527,,
345,13493,,,,,3.425875663757324,0.5140664577484131
345,13493,,,1.3379764556884766,0.662132978439331,,
346,13532,,,,,3.3572487831115723,0.5136648416519165
346,13532,,,1.2412904500961304,0.6912145614624023,,
347,13571,,,,,3.3378050327301025,0.513288140296936
347,13571,,,1.2136908769607544,0.6728209853172302,,
348,13610,,,,,3.318776845932007,0.5177469849586487
348,13610,,,1.2677987813949585,0.7007144689559937,,
349,13649,,,,,3.3578851222991943,0.5122523307800293
349,13649,,,1.3038665056228638,0.6937979459762573,,
350,13688,,,,,3.390308141708374,0.5078834295272827
350,13688,,,1.3604542016983032,0.6633560061454773,,
351,13727,,,,,3.419257879257202,0.5040690898895264
351,13727,,,1.3203907012939453,0.656260073184967,,
352,13766,,,,,3.3757853507995605,0.509576141834259
352,13766,,,1.0744092464447021,0.7166262865066528,,
353,13805,,,,,3.41534423828125,0.5044146180152893
353,13805,,,1.1415499448776245,0.6989086270332336,,
354,13844,,,,,3.4960880279541016,0.49058565497398376
354,13844,,,1.2477922439575195,0.6923933625221252,,
355,13883,,,,,3.4221417903900146,0.4972740709781647
355,13883,,,1.2813334465026855,0.6899008750915527,,
356,13922,,,,,3.3865180015563965,0.510197639465332
356,13922,,,1.1411895751953125,0.6914557218551636,,
357,13961,,,,,3.3989439010620117,0.5111232995986938
357,13961,,,1.3203562498092651,0.6693669557571411,,
358,14000,,,,,3.3347725868225098,0.5150001645088196
358,14000,,,1.6281594038009644,0.6904993057250977,,
359,14039,,,,,3.400386095046997,0.5084971785545349
359,14039,,,1.2264485359191895,0.6740113496780396,,
360,14078,,,,,3.3664937019348145,0.5137152075767517
360,14078,,,1.3207653760910034,0.699032187461853,,
361,14117,,,,,3.3177649974823,0.5178429484367371
361,14117,,,1.0978275537490845,0.7208456993103027,,
362,14156,,,,,3.317692279815674,0.5168986916542053
362,14156,,,1.3405346870422363,0.6805270910263062,,
363,14195,,,,,3.3397905826568604,0.5171267986297607
363,14195,,,1.2378385066986084,0.6909589767456055,,
364,14234,,,,,3.412846326828003,0.5137823820114136
364,14234,,,1.102488398551941,0.7255569100379944,,
365,14273,,,,,3.3388216495513916,0.5163706541061401
365,14273,,,1.1948424577713013,0.7131953835487366,,
366,14312,,,,,3.3801255226135254,0.5039494037628174
366,14312,,,1.2048990726470947,0.6864370107650757,,
367,14351,,,,,3.408642530441284,0.5043917298316956
367,14351,,,1.266758680343628,0.6758127212524414,,
368,14390,,,,,3.3350045680999756,0.5168955326080322
368,14390,,,0.9867984056472778,0.7227061986923218,,
369,14429,,,,,3.3660097122192383,0.5104931592941284
369,14429,,,1.6772632598876953,0.7244393825531006,,
370,14468,,,,,3.3901684284210205,0.5069665312767029
370,14468,,,1.1756484508514404,0.686488151550293,,
371,14507,,,,,3.3767874240875244,0.5085464715957642
371,14507,,,1.0910195112228394,0.7007968425750732,,
372,14546,,,,,3.4686529636383057,0.5032886266708374
372,14546,,,1.3089499473571777,0.6808609962463379,,
373,14585,,,,,3.412905693054199,0.5012319087982178
373,14585,,,1.2585468292236328,0.6780917048454285,,
374,14624,,,,,3.403235912322998,0.4979967772960663
374,14624,,,1.192664384841919,0.6986992955207825,,
375,14663,,,,,3.3564414978027344,0.5186614990234375
375,14663,,,1.2427997589111328,0.6892145872116089,,
376,14702,,,,,3.3870482444763184,0.5181401371955872
376,14702,,,1.226214051246643,0.7132618427276611,,
377,14741,,,,,3.3432135581970215,0.5228819847106934
377,14741,,,1.1933681964874268,0.6787351369857788,,
378,14780,,,,,3.342752695083618,0.5196825265884399
378,14780,,,1.2752596139907837,0.6813077926635742,,
379,14819,,,,,3.3439369201660156,0.5140817761421204
379,14819,,,1.244091510772705,0.696456789970398,,
380,14858,,,,,3.3440136909484863,0.5192776918411255
380,14858,,,1.2142804861068726,0.6913529634475708,,
381,14897,,,,,3.366637945175171,0.5208341479301453
381,14897,,,1.268187403678894,0.6899818778038025,,
382,14936,,,,,3.3371429443359375,0.5204512476921082
382,14936,,,1.2700965404510498,0.6624758243560791,,
383,14975,,,,,3.3934476375579834,0.5073000192642212
383,14975,,,1.0919277667999268,0.6935870051383972,,
384,15014,,,,,3.388777494430542,0.5093988180160522
384,15014,,,1.103636384010315,0.6778165698051453,,
385,15053,,,,,3.4192960262298584,0.5131584405899048
385,15053,,,1.3106337785720825,0.6796255111694336,,
386,15092,,,,,3.396803855895996,0.5165684819221497
386,15092,,,1.1110795736312866,0.7044185400009155,,
387,15131,,,,,3.3156533241271973,0.5195032954216003
387,15131,,,1.2109558582305908,0.690247118473053,,
388,15170,,,,,3.3299598693847656,0.5227903723716736
388,15170,,,1.32191002368927,0.6824310421943665,,
389,15209,,,,,3.3924167156219482,0.5129354000091553
389,15209,,,1.1777890920639038,0.6891282200813293,,
390,15248,,,,,3.423915147781372,0.5037546157836914
390,15248,,,1.3679643869400024,0.6685004830360413,,
391,15287,,,,,3.4457919597625732,0.4911254346370697
391,15287,,,1.6431689262390137,0.6760652661323547,,
392,15326,,,,,3.4840087890625,0.4861789047718048
392,15326,,,1.247300386428833,0.6862544417381287,,
393,15365,,,,,3.429943799972534,0.4991986155509949
393,15365,,,1.187920093536377,0.6761398911476135,,
394,15404,,,,,3.438293218612671,0.5002849102020264
394,15404,,,1.2901275157928467,0.6774055361747742,,
395,15443,,,,,3.401735305786133,0.5037635564804077
395,15443,,,1.352615237236023,0.672693133354187,,
396,15482,,,,,3.5039236545562744,0.5034918785095215
396,15482,,,1.2147102355957031,0.7033703923225403,,
397,15521,,,,,3.369892120361328,0.5083913207054138
397,15521,,,1.2115846872329712,0.6954790949821472,,
398,15560,,,,,3.4118361473083496,0.504554033279419
398,15560,,,1.3676056861877441,0.6454492211341858,,
399,15599,,,,,3.4028313159942627,0.5068634748458862
399,15599,,,1.2007310390472412,0.6850658655166626,,
400,15638,,,,,3.4246809482574463,0.5038546919822693
400,15638,,,1.3395919799804688,0.6877411007881165,,
401,15677,,,,,3.4115381240844727,0.5012179613113403
401,15677,,,1.1776320934295654,0.7087205648422241,,
402,15716,,,,,3.4050700664520264,0.5089743733406067
402,15716,,,1.2828421592712402,0.6884196400642395,,
403,15755,,,,,3.387282609939575,0.5096778273582458
403,15755,,,1.3455848693847656,0.6897212862968445,,
404,15794,,,,,3.338587760925293,0.5131018161773682
404,15794,,,1.272682785987854,0.6652733087539673,,
405,15833,,,,,3.299623489379883,0.5257979035377502
405,15833,,,1.2303746938705444,0.7104821801185608,,
406,15872,,,,,3.3793294429779053,0.5156867504119873
406,15872,,,1.2572823762893677,0.7062246799468994,,
407,15911,,,,,3.371568202972412,0.5117741823196411
407,15911,,,1.211106300354004,0.687402606010437,,
408,15950,,,,,3.4072539806365967,0.5071033239364624
408,15950,,,1.2003366947174072,0.708645761013031,,
409,15989,,,,,3.3437962532043457,0.5125662088394165
409,15989,,,1.124735713005066,0.7004824280738831,,
410,16028,,,,,3.3853745460510254,0.5119916796684265
410,16028,,,1.3095972537994385,0.6520430445671082,,
411,16067,,,,,3.3551881313323975,0.5092452764511108
411,16067,,,1.2061607837677002,0.6948566436767578,,
412,16106,,,,,3.3563363552093506,0.5132269263267517
412,16106,,,1.1045106649398804,0.7281791567802429,,
413,16145,,,,,3.4044501781463623,0.5093823075294495
413,16145,,,1.1165133714675903,0.7104931473731995,,
414,16184,,,,,3.3429954051971436,0.5135112404823303
414,16184,,,1.1380590200424194,0.6937832832336426,,
415,16223,,,,,3.4048478603363037,0.5092628002166748
415,16223,,,1.1918495893478394,0.7233689427375793,,
416,16262,,,,,3.4081692695617676,0.5073238015174866
416,16262,,,1.123430609703064,0.7176881432533264,,
417,16301,,,,,3.363853931427002,0.5100637078285217
417,16301,,,1.1858752965927124,0.707058846950531,,
418,16340,,,,,3.4039554595947266,0.51097172498703
418,16340,,,1.4036188125610352,0.6601310968399048,,
419,16379,,,,,3.3495500087738037,0.5128141641616821
419,16379,,,1.3222990036010742,0.6989643573760986,,
420,16418,,,,,3.363865852355957,0.5157343745231628
420,16418,,,1.1941890716552734,0.6780813336372375,,
421,16457,,,,,3.3590800762176514,0.513744592666626
421,16457,,,1.190397024154663,0.687264084815979,,
422,16496,,,,,3.3375492095947266,0.5163670778274536
422,16496,,,1.2933591604232788,0.7138663530349731,,
423,16535,,,,,3.3951282501220703,0.4998846650123596
423,16535,,,1.3509953022003174,0.6709089279174805,,
424,16574,,,,,3.3627429008483887,0.5043449997901917
424,16574,,,1.188056468963623,0.6880831718444824,,
425,16613,,,,,3.3778390884399414,0.5071626901626587
425,16613,,,1.1854816675186157,0.6897178292274475,,
426,16652,,,,,3.3565235137939453,0.5151745080947876
426,16652,,,1.225141167640686,0.6903403997421265,,
427,16691,,,,,3.4237074851989746,0.507024347782135
427,16691,,,1.1494636535644531,0.7040101289749146,,
428,16730,,,,,3.415142774581909,0.5034704804420471
428,16730,,,1.249806523323059,0.7006006836891174,,
429,16769,,,,,3.4034242630004883,0.5044920444488525
429,16769,,,1.5774813890457153,0.6792663931846619,,
430,16808,,,,,3.372323513031006,0.5034643411636353
430,16808,,,1.1349866390228271,0.7113339900970459,,
431,16847,,,,,3.378739356994629,0.506615936756134
431,16847,,,1.313423752784729,0.6649321913719177,,
432,16886,,,,,3.386751174926758,0.5050129890441895
432,16886,,,1.272681474685669,0.6854396462440491,,
433,16925,,,,,3.410736322402954,0.5001117587089539
433,16925,,,1.0614261627197266,0.7122626304626465,,
434,16964,,,,,3.3715364933013916,0.5123270153999329
434,16964,,,1.1971518993377686,0.6939309239387512,,
435,17003,,,,,3.413817882537842,0.5078427195549011
435,17003,,,1.1953476667404175,0.6950128078460693,,
436,17042,,,,,3.3984038829803467,0.5062412619590759
436,17042,,,1.0991871356964111,0.7086548209190369,,
437,17081,,,,,3.402520179748535,0.5109999179840088
437,17081,,,1.383928656578064,0.6659518480300903,,
438,17120,,,,,3.3792333602905273,0.5067031979560852
438,17120,,,1.0881470441818237,0.7060176134109497,,
439,17159,,,,,3.4185638427734375,0.5076424479484558
439,17159,,,1.2764606475830078,0.6867724061012268,,
440,17198,,,,,3.381441354751587,0.5089234113693237
440,17198,,,1.1294981241226196,0.6844664812088013,,
441,17237,,,,,3.3779258728027344,0.5053119659423828
441,17237,,,1.2255746126174927,0.7035995721817017,,
442,17276,,,,,3.4038352966308594,0.5071024298667908
442,17276,,,1.2074103355407715,0.6843397617340088,,
443,17315,,,,,3.394962787628174,0.5048321485519409
443,17315,,,1.2529447078704834,0.7085691094398499,,
444,17354,,,,,3.359783411026001,0.5025475025177002
444,17354,,,1.68700110912323,0.6760984063148499,,
445,17393,,,,,3.4348390102386475,0.501882791519165
445,17393,,,1.2586888074874878,0.6715975403785706,,
446,17432,,,,,3.386817455291748,0.5004710555076599
446,17432,,,1.261683464050293,0.6768465638160706,,
447,17471,,,,,3.416624069213867,0.49896273016929626
447,17471,,,1.13741934299469,0.7062106728553772,,
448,17510,,,,,3.370072364807129,0.5102839469909668
448,17510,,,1.1250191926956177,0.703212320804596,,
449,17549,,,,,3.3981661796569824,0.5095825791358948
449,17549,,,1.2606031894683838,0.6714765429496765,,
450,17588,,,,,3.3854451179504395,0.5103901028633118
450,17588,,,1.2219115495681763,0.6843438148498535,,
451,17627,,,,,3.3406102657318115,0.5097780227661133
451,17627,,,1.2546182870864868,0.7006704807281494,,
452,17666,,,,,3.354231595993042,0.5107876062393188
452,17666,,,1.1544229984283447,0.6861998438835144,,
453,17705,,,,,3.325007200241089,0.5122616291046143
453,17705,,,1.0841600894927979,0.7038955092430115,,
454,17744,,,,,3.302619218826294,0.5218820571899414
454,17744,,,1.0787203311920166,0.7231206893920898,,
455,17783,,,,,3.4042651653289795,0.51067054271698
455,17783,,,1.248730182647705,0.6774557828903198,,
456,17822,,,,,3.4103469848632812,0.5017811059951782
456,17822,,,1.4318846464157104,0.7024379372596741,,
457,17861,,,,,3.3901302814483643,0.5070218443870544
457,17861,,,1.0389267206192017,0.7117652893066406,,
458,17900,,,,,3.357917547225952,0.5146439075469971
458,17900,,,1.1397932767868042,0.7105763554573059,,
459,17939,,,,,3.369152545928955,0.5123153924942017
459,17939,,,1.155573844909668,0.705204963684082,,
460,17978,,,,,3.352105140686035,0.5159850716590881
460,17978,,,1.1546720266342163,0.7012102007865906,,
461,18017,,,,,3.319737195968628,0.5202922224998474
461,18017,,,1.173357605934143,0.6928927302360535,,
462,18056,,,,,3.3786935806274414,0.5176903009414673
462,18056,,,1.293027639389038,0.6644921898841858,,
463,18095,,,,,3.308809995651245,0.5230851173400879
463,18095,,,1.0374890565872192,0.7453294992446899,,
464,18134,,,,,3.3603878021240234,0.5158179998397827
464,18134,,,1.1647177934646606,0.703997790813446,,
465,18173,,,,,3.3446295261383057,0.5100845694541931
465,18173,,,1.0029464960098267,0.7164103984832764,,
466,18212,,,,,3.4134035110473633,0.500181257724762
466,18212,,,1.1121548414230347,0.733357846736908,,
467,18251,,,,,3.469102144241333,0.49845612049102783
467,18251,,,1.2706836462020874,0.7113261222839355,,
468,18290,,,,,3.372299909591675,0.5070791244506836
468,18290,,,1.0873693227767944,0.73043292760849,,
469,18329,,,,,3.4209611415863037,0.4951058626174927
469,18329,,,1.0258227586746216,0.7253219485282898,,
470,18368,,,,,3.419463634490967,0.49648672342300415
470,18368,,,1.1476260423660278,0.7117096781730652,,
471,18407,,,,,3.448631763458252,0.5011711716651917
471,18407,,,1.2937191724777222,0.7004930377006531,,
472,18446,,,,,3.3974833488464355,0.5020684003829956
472,18446,,,1.0644327402114868,0.731266438961029,,
473,18485,,,,,3.379135847091675,0.5012455582618713
473,18485,,,1.0054031610488892,0.7354170680046082,,
474,18524,,,,,3.3897864818573,0.4990936517715454
474,18524,,,1.1366336345672607,0.7252081632614136,,
475,18563,,,,,3.3901686668395996,0.4993250072002411
475,18563,,,1.2570301294326782,0.72166907787323,,
476,18602,,,,,3.421738862991333,0.4994230568408966
476,18602,,,1.4002665281295776,0.6856544613838196,,
477,18641,,,,,3.4112308025360107,0.5022784471511841
477,18641,,,1.3353512287139893,0.6933055520057678,,
478,18680,,,,,3.471569538116455,0.4956042170524597
478,18680,,,1.336524248123169,0.6930493116378784,,
479,18719,,,,,3.4206809997558594,0.5041055083274841
479,18719,,,1.1462736129760742,0.7088719010353088,,
480,18758,,,,,3.3385863304138184,0.5154814720153809
480,18758,,,1.5062453746795654,0.6751337051391602,,
481,18797,,,,,3.335381031036377,0.5137317776679993
481,18797,,,1.1595343351364136,0.6877251863479614,,
482,18836,,,,,3.3304481506347656,0.516701340675354
482,18836,,,1.324150800704956,0.6864530444145203,,
483,18875,,,,,3.453005075454712,0.5028308033943176
483,18875,,,1.3852254152297974,0.674948513507843,,
484,18914,,,,,3.4165875911712646,0.5127407312393188
484,18914,,,1.41950523853302,0.706028938293457,,
485,18953,,,,,3.409404754638672,0.507601261138916
485,18953,,,1.2925317287445068,0.6805859804153442,,
486,18992,,,,,3.3760578632354736,0.5065342783927917
486,18992,,,1.2538129091262817,0.6855375170707703,,
487,19031,,,,,3.363301992416382,0.5067541599273682
487,19031,,,1.2163869142532349,0.6741800308227539,,
488,19070,,,,,3.3511831760406494,0.5102201700210571
488,19070,,,1.0434906482696533,0.7200018167495728,,
489,19109,,,,,3.3427114486694336,0.5119363069534302
489,19109,,,1.156492829322815,0.7006272077560425,,
490,19148,,,,,3.384857416152954,0.5089547038078308
490,19148,,,1.19015371799469,0.693252444267273,,
491,19187,,,,,3.4463891983032227,0.5084854364395142
491,19187,,,1.2778067588806152,0.6921183466911316,,
492,19226,,,,,3.388988733291626,0.5072477459907532
492,19226,,,1.3083560466766357,0.6649538278579712,,
493,19265,,,,,3.3538575172424316,0.5121538639068604
493,19265,,,1.2052156925201416,0.7052769064903259,,
494,19304,,,,,3.3962316513061523,0.5100319385528564
494,19304,,,1.225281000137329,0.6758744716644287,,
495,19343,,,,,3.4337918758392334,0.49506625533103943
495,19343,,,1.8693972826004028,0.6814342141151428,,
496,19382,,,,,3.4442708492279053,0.4947667121887207
496,19382,,,1.2230823040008545,0.7031040191650391,,
497,19421,,,,,3.399566173553467,0.49826014041900635
497,19421,,,1.2451854944229126,0.7064218521118164,,
498,19460,,,,,3.411722421646118,0.49370598793029785
498,19460,,,1.0929306745529175,0.7040835618972778,,
499,19499,,,,,3.432163953781128,0.49168509244918823
499,19499,,,1.283587098121643,0.6818906664848328,,
500,19538,,,,,3.397864818572998,0.49948063492774963
500,19538,,,1.1520031690597534,0.7075343728065491,,
501,19577,,,,,3.402893304824829,0.4995284676551819
501,19577,,,1.1671123504638672,0.6942418217658997,,
502,19616,,,,,3.366312026977539,0.5144842267036438
502,19616,,,1.254791021347046,0.673683762550354,,
503,19655,,,,,3.384807586669922,0.5094547271728516
503,19655,,,1.1555957794189453,0.7254305481910706,,
504,19694,,,,,3.4083807468414307,0.49809780716896057
504,19694,,,1.5258339643478394,0.6984793543815613,,
505,19733,,,,,3.40869140625,0.5069621205329895
505,19733,,,1.1362788677215576,0.7208965420722961,,
506,19772,,,,,3.4208340644836426,0.5018521547317505
506,19772,,,1.1354801654815674,0.7114126086235046,,
507,19811,,,,,3.3924524784088135,0.4984346628189087
507,19811,,,1.0763685703277588,0.7044093608856201,,
508,19850,,,,,3.4156229496002197,0.5009222626686096
508,19850,,,1.1192011833190918,0.7294430136680603,,
509,19889,,,,,3.4162113666534424,0.49720582365989685
509,19889,,,1.2989144325256348,0.6718217134475708,,
510,19928,,,,,3.354222536087036,0.5079348087310791
510,19928,,,1.04732346534729,0.7202202081680298,,
511,19967,,,,,3.343388795852661,0.5102097988128662
511,19967,,,1.1644601821899414,0.6962519884109497,,
512,20006,,,,,3.356348991394043,0.5052686333656311
512,20006,,,0.9254838228225708,0.762005627155304,,
513,20045,,,,,3.4569106101989746,0.5000330805778503
513,20045,,,1.185996651649475,0.7102117538452148,,
514,20084,,,,,3.3838746547698975,0.5104985237121582
514,20084,,,1.2388356924057007,0.6929162740707397,,
515,20123,,,,,3.4298088550567627,0.5018710494041443
515,20123,,,1.2139427661895752,0.6928252577781677,,
516,20162,,,,,3.401273488998413,0.5012756586074829
516,20162,,,1.0881977081298828,0.6917980313301086,,
517,20201,,,,,3.375828266143799,0.5023018717765808
517,20201,,,1.1147533655166626,0.7162593603134155,,
518,20240,,,,,3.3986399173736572,0.5009897947311401
518,20240,,,1.178863763809204,0.7137471437454224,,
519,20279,,,,,3.399116277694702,0.49933645129203796
519,20279,,,1.1689302921295166,0.723430335521698,,
520,20318,,,,,3.385179042816162,0.5002870559692383
520,20318,,,1.1222296953201294,0.7261580228805542,,
521,20357,,,,,3.3595988750457764,0.5074898600578308
521,20357,,,1.1858460903167725,0.7128907442092896,,
522,20396,,,,,3.35196590423584,0.5123873949050903
522,20396,,,1.1026946306228638,0.7155663371086121,,
523,20435,,,,,3.362429618835449,0.5088289380073547
523,20435,,,1.3062447309494019,0.7255362868309021,,
524,20474,,,,,3.3790762424468994,0.5041032433509827
524,20474,,,1.1794754266738892,0.709787905216217,,
525,20513,,,,,3.3650705814361572,0.5074282288551331
525,20513,,,1.0849876403808594,0.7083219289779663,,
526,20552,,,,,3.454206705093384,0.4972148537635803
526,20552,,,1.297457218170166,0.6869025826454163,,
527,20591,,,,,3.4240450859069824,0.5022578239440918
527,20591,,,1.3093342781066895,0.6866465210914612,,
528,20630,,,,,3.396909475326538,0.5088406801223755
528,20630,,,1.142090082168579,0.7096587419509888,,
529,20669,,,,,3.4419538974761963,0.49375125765800476
529,20669,,,1.4408293962478638,0.7105676531791687,,
530,20708,,,,,3.438178300857544,0.4955650568008423
530,20708,,,1.3199511766433716,0.6599920392036438,,
531,20747,,,,,3.4057066440582275,0.5045048594474792
531,20747,,,1.2375284433364868,0.6621091961860657,,
532,20786,,,,,3.388317346572876,0.5071122646331787
532,20786,,,1.0445455312728882,0.7046505212783813,,
533,20825,,,,,3.3661983013153076,0.5126371383666992
533,20825,,,1.2961114645004272,0.6814365983009338,,
534,20864,,,,,3.3621628284454346,0.5161167979240417
534,20864,,,1.2318063974380493,0.7045720219612122,,
535,20903,,,,,3.3779709339141846,0.5107995867729187
535,20903,,,1.2052773237228394,0.706620454788208,,
536,20942,,,,,3.349761962890625,0.5084511041641235
536,20942,,,1.072414755821228,0.6908705234527588,,
537,20981,,,,,3.381971597671509,0.5076980590820312
537,20981,,,1.2339941263198853,0.6890260577201843,,
538,21020,,,,,3.3676764965057373,0.5057054162025452
538,21020,,,1.0685440301895142,0.7145388722419739,,
539,21059,,,,,3.4072582721710205,0.4975599944591522
539,21059,,,1.1171971559524536,0.7215545773506165,,
540,21098,,,,,3.3919553756713867,0.5058658123016357
540,21098,,,1.1726895570755005,0.7166959047317505,,
541,21137,,,,,3.466931104660034,0.5017517805099487
541,21137,,,1.2595092058181763,0.7312821745872498,,
542,21176,,,,,3.3854072093963623,0.5039267539978027
542,21176,,,1.4237639904022217,0.6380422115325928,,
543,21215,,,,,3.471743583679199,0.4933983385562897
543,21215,,,1.2348798513412476,0.72951340675354,,
544,21254,,,,,3.4732439517974854,0.4978756904602051
544,21254,,,1.261136531829834,0.6951205134391785,,
545,21293,,,,,3.4176366329193115,0.4976443350315094
545,21293,,,0.9754688739776611,0.7367857694625854,,
546,21332,,,,,3.4165120124816895,0.4962112605571747
546,21332,,,1.3389301300048828,0.6755785346031189,,
547,21371,,,,,3.400432586669922,0.5004327297210693
547,21371,,,1.1208611726760864,0.7098948955535889,,
548,21410,,,,,3.4175472259521484,0.5011245608329773
548,21410,,,1.1998215913772583,0.712101936340332,,
549,21449,,,,,3.3731637001037598,0.5081049799919128
549,21449,,,1.278740406036377,0.7070716619491577,,
550,21488,,,,,3.400106191635132,0.5068933367729187
550,21488,,,1.1661924123764038,0.7282306551933289,,
551,21527,,,,,3.397871255874634,0.5030509829521179
551,21527,,,1.137641191482544,0.711743175983429,,
552,21566,,,,,3.4232611656188965,0.4972451329231262
552,21566,,,1.1412912607192993,0.7246261835098267,,
553,21605,,,,,3.4148638248443604,0.4954858422279358
553,21605,,,1.2733904123306274,0.710867166519165,,
554,21644,,,,,3.5196356773376465,0.4758813977241516
554,21644,,,1.226364254951477,0.7236114144325256,,
555,21683,,,,,3.5209856033325195,0.47613853216171265
555,21683,,,1.2612451314926147,0.6709192395210266,,
556,21722,,,,,3.4725823402404785,0.4796580374240875
556,21722,,,1.0063179731369019,0.7467995882034302,,
557,21761,,,,,3.491663694381714,0.476045697927475
557,21761,,,2.1117820739746094,0.7098851799964905,,
558,21800,,,,,3.553934097290039,0.476065456867218
558,21800,,,1.343940019607544,0.6688340306282043,,
559,21839,,,,,3.4792208671569824,0.47859373688697815
559,21839,,,1.2087035179138184,0.722843587398529,,
560,21878,,,,,3.4571800231933594,0.4850049316883087
560,21878,,,1.2328060865402222,0.694473385810852,,
561,21917,,,,,3.4646425247192383,0.4843544661998749
561,21917,,,1.164299488067627,0.7164251804351807,,
562,21956,,,,,3.4420065879821777,0.4895729720592499
562,21956,,,1.0705689191818237,0.7017841935157776,,
563,21995,,,,,3.4524359703063965,0.48340174555778503
563,21995,,,1.1516464948654175,0.7112168669700623,,
564,22034,,,,,3.475639581680298,0.48302868008613586
564,22034,,,1.251989722251892,0.6703330278396606,,
565,22073,,,,,3.4618663787841797,0.48367881774902344
565,22073,,,1.153828501701355,0.6973046660423279,,
566,22112,,,,,3.5096194744110107,0.47643589973449707
566,22112,,,1.3162730932235718,0.6833184957504272,,
567,22151,,,,,3.4961719512939453,0.4766024649143219
567,22151,,,1.1820825338363647,0.7071583271026611,,
568,22190,,,,,3.4676735401153564,0.4838548004627228
568,22190,,,1.2441679239273071,0.7149950861930847,,
569,22229,,,,,3.4938600063323975,0.47871991991996765
569,22229,,,1.5732864141464233,0.691074788570404,,
570,22268,,,,,3.5714383125305176,0.47250956296920776
570,22268,,,1.1428780555725098,0.6976293325424194,,
571,22307,,,,,3.5159406661987305,0.47203823924064636
571,22307,,,1.2798435688018799,0.719018816947937,,
572,22346,,,,,3.51969313621521,0.4753473699092865
572,22346,,,1.1178637742996216,0.7013012170791626,,
573,22385,,,,,3.4758658409118652,0.4804700016975403
573,22385,,,1.2240499258041382,0.7007029056549072,,
574,22424,,,,,3.466456890106201,0.48437342047691345
574,22424,,,1.2082366943359375,0.7221980094909668,,
575,22463,,,,,3.437692403793335,0.4866202175617218
575,22463,,,1.224753499031067,0.7021129727363586,,
576,22502,,,,,3.4634528160095215,0.4896017611026764
576,22502,,,1.1704704761505127,0.696256697177887,,
577,22541,,,,,3.4372193813323975,0.4883902668952942
577,22541,,,1.1732956171035767,0.6859447956085205,,
578,22580,,,,,3.4275670051574707,0.48996949195861816
578,22580,,,2.69631290435791,0.7157257795333862,,
579,22619,,,,,3.496539354324341,0.48113876581192017
579,22619,,,1.3362960815429688,0.6817295551300049,,
580,22658,,,,,3.4550576210021973,0.48550331592559814
580,22658,,,1.2210428714752197,0.6805291175842285,,
581,22697,,,,,3.4490091800689697,0.48922109603881836
581,22697,,,1.3518221378326416,0.6880550980567932,,
582,22736,,,,,3.454505443572998,0.48485514521598816
582,22736,,,1.187967300415039,0.7121272683143616,,
583,22775,,,,,3.5073392391204834,0.48379090428352356
583,22775,,,1.1155283451080322,0.7170343399047852,,
584,22814,,,,,3.4663949012756348,0.4875911474227905
584,22814,,,1.2594760656356812,0.6972021460533142,,
585,22853,,,,,3.419119119644165,0.49171069264411926
585,22853,,,1.1365069150924683,0.7213453650474548,,
586,22892,,,,,3.4747486114501953,0.48734793066978455
586,22892,,,1.298384666442871,0.7086368203163147,,
587,22931,,,,,3.4454236030578613,0.4908250570297241
587,22931,,,1.110272765159607,0.7088298201560974,,
588,22970,,,,,3.397731065750122,0.49596503376960754
588,22970,,,1.0936713218688965,0.7083286643028259,,
589,23009,,,,,3.415346622467041,0.49472370743751526
589,23009,,,0.9013940095901489,0.7582848072052002,,
590,23048,,,,,3.378478765487671,0.5034782290458679
590,23048,,,1.1118522882461548,0.7037169337272644,,
591,23087,,,,,3.424915313720703,0.5069066882133484
591,23087,,,1.2509136199951172,0.686040997505188,,
592,23126,,,,,3.359159469604492,0.5088099241256714
592,23126,,,1.168710708618164,0.7036277651786804,,
593,23165,,,,,3.417243003845215,0.4986823499202728
593,23165,,,1.060781478881836,0.7221929430961609,,
594,23204,,,,,3.3962442874908447,0.49867764115333557
594,23204,,,1.1117498874664307,0.7251882553100586,,
595,23243,,,,,3.4016172885894775,0.5023353099822998
595,23243,,,1.198531150817871,0.7199478149414062,,
596,23282,,,,,3.4632456302642822,0.4903595447540283
596,23282,,,1.3128154277801514,0.6604360938072205,,
597,23321,,,,,3.402991533279419,0.5017828345298767
597,23321,,,1.3985042572021484,0.6866426467895508,,
598,23360,,,,,3.394413709640503,0.5026249289512634
598,23360,,,1.2650694847106934,0.6702656149864197,,
599,23399,,,,,3.4190030097961426,0.5090866684913635
599,23399,,,1.2170778512954712,0.6953311562538147,,
600,23438,,,,,3.3194403648376465,0.515170693397522
600,23438,,,1.1253451108932495,0.6965479850769043,,
601,23477,,,,,3.3623454570770264,0.5114339590072632
601,23477,,,1.2021633386611938,0.7092380523681641,,
602,23516,,,,,3.3530209064483643,0.508965790271759
602,23516,,,1.0163177251815796,0.7442271709442139,,
603,23555,,,,,3.3730199337005615,0.506744921207428
603,23555,,,1.114707350730896,0.6960262656211853,,
604,23594,,,,,3.3371777534484863,0.5141491293907166
604,23594,,,1.1043859720230103,0.6871992945671082,,
605,23633,,,,,3.388533115386963,0.5025142431259155
605,23633,,,1.1566123962402344,0.7342833280563354,,
606,23672,,,,,3.3740503787994385,0.5024768710136414
606,23672,,,1.1210817098617554,0.7108723521232605,,
607,23711,,,,,3.386373519897461,0.5073293447494507
607,23711,,,1.2034882307052612,0.6972171664237976,,
608,23750,,,,,3.4216086864471436,0.4930594563484192
608,23750,,,1.784067153930664,0.6937590837478638,,
609,23789,,,,,3.490273952484131,0.4844452440738678
609,23789,,,1.3041316270828247,0.684020459651947,,
610,23828,,,,,3.4487247467041016,0.48790690302848816
610,23828,,,1.0248706340789795,0.7103094458580017,,
611,23867,,,,,3.515754461288452,0.4881347417831421
611,23867,,,1.3496826887130737,0.6975728869438171,,
612,23906,,,,,3.4335455894470215,0.4916015565395355
612,23906,,,1.3370023965835571,0.6811031699180603,,
613,23945,,,,,3.4438138008117676,0.4900558292865753
613,23945,,,1.2652541399002075,0.677483856678009,,
614,23984,,,,,3.4459872245788574,0.4905920922756195
614,23984,,,1.0325701236724854,0.7143989205360413,,
615,24023,,,,,3.445960760116577,0.49124786257743835
615,24023,,,1.1406949758529663,0.7122700810432434,,
616,24062,,,,,3.4513344764709473,0.48950034379959106
616,24062,,,1.2568665742874146,0.6731835603713989,,
617,24101,,,,,3.4490606784820557,0.4921169579029083
617,24101,,,1.2042341232299805,0.6733364462852478,,
618,24140,,,,,3.4137325286865234,0.4934998154640198
618,24140,,,1.3156166076660156,0.7021914720535278,,
619,24179,,,,,3.458357810974121,0.4861283302307129
619,24179,,,1.2257094383239746,0.696232259273529,,
620,24218,,,,,3.50997257232666,0.4814465045928955
620,24218,,,1.122290849685669,0.7173517942428589,,
621,24257,,,,,3.449007987976074,0.488608181476593
621,24257,,,0.9758676290512085,0.7295794486999512,,
622,24296,,,,,3.4554011821746826,0.48747584223747253
622,24296,,,1.2911432981491089,0.680889904499054,,
623,24335,,,,,3.469911575317383,0.4873131215572357
623,24335,,,1.2922273874282837,0.7022281289100647,,
624,24374,,,,,3.450613021850586,0.49018803238868713
624,24374,,,1.2596359252929688,0.7141456604003906,,
625,24413,,,,,3.486262321472168,0.4827348291873932
625,24413,,,1.0444011688232422,0.7268821597099304,,
626,24452,,,,,3.4788689613342285,0.48009833693504333
626,24452,,,1.1635887622833252,0.7197441458702087,,
627,24491,,,,,3.505624294281006,0.47693780064582825
627,24491,,,1.1329641342163086,0.7003284096717834,,
628,24530,,,,,3.4318649768829346,0.48963209986686707
628,24530,,,1.0623650550842285,0.7280019521713257,,
629,24569,,,,,3.5091755390167236,0.48479512333869934
629,24569,,,1.175567865371704,0.7116590738296509,,
630,24608,,,,,3.4774909019470215,0.48060843348503113
630,24608,,,1.116504430770874,0.7038164138793945,,
631,24647,,,,,3.513915538787842,0.47618764638900757
631,24647,,,0.9828498959541321,0.7530537843704224,,
632,24686,,,,,3.5226151943206787,0.4700140058994293
632,24686,,,1.3188502788543701,0.7359168529510498,,
633,24725,,,,,3.5187153816223145,0.473261296749115
633,24725,,,1.2266294956207275,0.7111114859580994,,
634,24764,,,,,3.5315020084381104,0.46787914633750916
634,24764,,,1.1053740978240967,0.7415482401847839,,
635,24803,,,,,3.509697437286377,0.47013533115386963
635,24803,,,1.190966010093689,0.7094578146934509,,
636,24842,,,,,3.535188913345337,0.46756038069725037
636,24842,,,1.2329105138778687,0.6991303563117981,,
637,24881,,,,,3.508983612060547,0.47457051277160645
637,24881,,,1.1855863332748413,0.6900451183319092,,
638,24920,,,,,3.5013904571533203,0.4753396511077881
638,24920,,,1.0337036848068237,0.7204502820968628,,
639,24959,,,,,3.4917311668395996,0.48026737570762634
639,24959,,,1.1943130493164062,0.7002183794975281,,
640,24998,,,,,3.482041835784912,0.478159099817276
640,24998,,,1.085964322090149,0.7174200415611267,,
641,25037,,,,,3.453028678894043,0.48517104983329773
641,25037,,,1.081117033958435,0.7077311277389526,,
642,25076,,,,,3.4893202781677246,0.48318636417388916
642,25076,,,1.2304970026016235,0.6646256446838379,,
643,25115,,,,,3.436959981918335,0.49005845189094543
643,25115,,,1.145851492881775,0.7300412654876709,,
644,25154,,,,,3.4560482501983643,0.4869319498538971
644,25154,,,1.3473608493804932,0.6651481986045837,,
645,25193,,,,,3.4633352756500244,0.4820998013019562
645,25193,,,1.0120948553085327,0.7417410016059875,,
646,25232,,,,,3.4302477836608887,0.4890018105506897
646,25232,,,1.1590666770935059,0.7202703356742859,,
647,25271,,,,,3.441143751144409,0.48645487427711487
647,25271,,,1.143472671508789,0.7054182887077332,,
648,25310,,,,,3.5339438915252686,0.4747163951396942
648,25310,,,1.1577036380767822,0.7119501829147339,,
649,25349,,,,,3.5353927612304688,0.47235849499702454
649,25349,,,1.206185221672058,0.7059636116027832,,
650,25388,,,,,3.4439897537231445,0.4850710928440094
650,25388,,,1.1393038034439087,0.7059475779533386,,
651,25427,,,,,3.5293450355529785,0.4762619435787201
651,25427,,,1.305260419845581,0.692657470703125,,
652,25466,,,,,3.4957892894744873,0.4809303879737854
652,25466,,,1.0780746936798096,0.7404872179031372,,
653,25505,,,,,3.418206214904785,0.4917616546154022
653,25505,,,1.3333083391189575,0.6971148252487183,,
654,25544,,,,,3.466862678527832,0.4850068986415863
654,25544,,,1.257754921913147,0.6939382553100586,,
655,25583,,,,,3.4645488262176514,0.4849298894405365
655,25583,,,1.0236897468566895,0.7318667769432068,,
656,25622,,,,,3.511998176574707,0.4781971573829651
656,25622,,,1.1279678344726562,0.7239699363708496,,
657,25661,,,,,3.496778964996338,0.4813207983970642
657,25661,,,1.2897298336029053,0.7058575749397278,,
658,25700,,,,,3.5090136528015137,0.4769066274166107
658,25700,,,1.085404872894287,0.7281125783920288,,
659,25739,,,,,3.5016767978668213,0.476148396730423
659,25739,,,1.2175135612487793,0.7304871678352356,,
660,25778,,,,,3.466202974319458,0.4834798276424408
660,25778,,,1.0865164995193481,0.7236849069595337,,
661,25817,,,,,3.4662911891937256,0.4833216071128845
661,25817,,,1.1709593534469604,0.7095717191696167,,
662,25856,,,,,3.474067211151123,0.4833904504776001
662,25856,,,1.2636688947677612,0.7172242403030396,,
663,25895,,,,,3.477663040161133,0.4837929904460907
663,25895,,,1.2272440195083618,0.7377312779426575,,
664,25934,,,,,3.4708251953125,0.48418349027633667
664,25934,,,1.2045575380325317,0.7093916535377502,,
665,25973,,,,,3.461247444152832,0.4856468439102173
665,25973,,,1.0640348196029663,0.71954345703125,,
666,26012,,,,,3.5345053672790527,0.4777674078941345
666,26012,,,1.2426501512527466,0.7006538510322571,,
667,26051,,,,,3.451589345932007,0.4879874587059021
667,26051,,,1.1722368001937866,0.710669219493866,,
668,26090,,,,,3.444162607192993,0.4892202913761139
668,26090,,,1.133309245109558,0.6925487518310547,,
669,26129,,,,,3.500091791152954,0.4796186685562134
669,26129,,,1.1801141500473022,0.7039473056793213,,
670,26168,,,,,3.4732375144958496,0.48133599758148193
670,26168,,,1.1089198589324951,0.7023227214813232,,
671,26207,,,,,3.479781150817871,0.4840679168701172
671,26207,,,1.2616132497787476,0.6791822910308838,,
672,26246,,,,,3.4605774879455566,0.4834805727005005
672,26246,,,1.107418179512024,0.7108113169670105,,
673,26285,,,,,3.4641478061676025,0.4900282025337219
673,26285,,,1.1428128480911255,0.709907591342926,,
674,26324,,,,,3.461258888244629,0.48850634694099426
674,26324,,,1.1368330717086792,0.7564788460731506,,
675,26363,,,,,3.4289987087249756,0.4925389289855957
675,26363,,,1.0724201202392578,0.727669894695282,,
676,26402,,,,,3.41089129447937,0.4942876100540161
676,26402,,,1.0172449350357056,0.7440834641456604,,
677,26441,,,,,3.508869171142578,0.4798157811164856
677,26441,,,1.2748695611953735,0.7032387852668762,,
678,26480,,,,,3.462933301925659,0.4862167239189148
678,26480,,,1.0727932453155518,0.7358410358428955,,
679,26519,,,,,3.4115254878997803,0.4924565851688385
679,26519,,,1.0900380611419678,0.7106980681419373,,
680,26558,,,,,3.4189558029174805,0.4960166811943054
680,26558,,,1.0880603790283203,0.7309396862983704,,
681,26597,,,,,3.4739229679107666,0.4901348352432251
681,26597,,,1.065934419631958,0.721592366695404,,
682,26636,,,,,3.4098641872406006,0.5005324482917786
682,26636,,,1.1479066610336304,0.7100610733032227,,
683,26675,,,,,3.4080801010131836,0.49954813718795776
683,26675,,,1.2247189283370972,0.7138799428939819,,
684,26714,,,,,3.382341146469116,0.5030960440635681
684,26714,,,1.0529520511627197,0.7073807120323181,,
685,26753,,,,,3.3898892402648926,0.4999676048755646
685,26753,,,1.146601676940918,0.7247421145439148,,
686,26792,,,,,3.429372549057007,0.4945725202560425
686,26792,,,1.0176317691802979,0.7298806309700012,,
687,26831,,,,,3.410008192062378,0.49625271558761597
687,26831,,,1.1311384439468384,0.7210080027580261,,
688,26870,,,,,3.3956727981567383,0.4956146478652954
688,26870,,,1.093922734260559,0.7102903127670288,,
689,26909,,,,,3.407331705093384,0.4982340931892395
689,26909,,,1.1777169704437256,0.7101616263389587,,
690,26948,,,,,3.410379409790039,0.5000205636024475
690,26948,,,1.1670724153518677,0.6623819470405579,,
691,26987,,,,,3.4552223682403564,0.4905000329017639
691,26987,,,1.2677093744277954,0.6768712401390076,,
692,27026,,,,,3.472341775894165,0.49450021982192993
692,27026,,,1.4656314849853516,0.7133553624153137,,
693,27065,,,,,3.4082231521606445,0.4974389970302582
693,27065,,,1.1310842037200928,0.7307195663452148,,
694,27104,,,,,3.4351344108581543,0.4923657774925232
694,27104,,,1.3250136375427246,0.6744490265846252,,
695,27143,,,,,3.4097650051116943,0.4949604272842407
695,27143,,,1.1324195861816406,0.7296313047409058,,
696,27182,,,,,3.3918466567993164,0.4992828965187073
696,27182,,,1.0309123992919922,0.7086980938911438,,
697,27221,,,,,3.4829394817352295,0.48842349648475647
697,27221,,,1.157070279121399,0.7248432636260986,,
698,27260,,,,,3.4989635944366455,0.4809032678604126
698,27260,,,1.3659436702728271,0.6907148361206055,,
699,27299,,,,,3.459346294403076,0.4811391532421112
699,27299,,,1.1205099821090698,0.7265173196792603,,
700,27338,,,,,3.4405629634857178,0.487583726644516
700,27338,,,1.2068837881088257,0.7310476899147034,,
701,27339,1.7564477920532227,0.5269185304641724,,,,
