torch.Size([1659, 62])
tensor([0.0000, 0.1176, 0.0588, 0.0000, 0.0588, 0.1176, 0.0000, 0.0588, 0.0588,
        0.0000, 0.2059, 0.0000, 0.0000, 0.0588, 0.0294, 0.0882, 0.0882, 0.0000,
        0.0588, 0.0000, 0.0000, 0.1176, 0.0588, 0.0000, 0.0588, 0.1176, 0.0000,
        0.0588, 0.0588, 0.0000, 0.2059, 0.0000, 0.0000, 0.0588, 0.0294, 0.0882,
        0.0882, 0.0000, 0.0588, 0.0000])
tensor([0.0000, 0.1176, 0.0588, 0.0000, 0.0588, 0.1176, 0.0000, 0.0588, 0.0588,
        0.0000, 0.2059, 0.0000, 0.0000, 0.0588, 0.0294, 0.0882, 0.0882, 0.0000,
        0.0588, 0.0000, 0.0000, 0.1176, 0.0588, 0.0000, 0.0588, 0.1176, 0.0000,
        0.0588, 0.0588, 0.0000, 0.2059, 0.0000, 0.0000, 0.0588, 0.0294, 0.0882,
        0.0882, 0.0000, 0.0588, 0.0000])
tensor([0.0000, 0.1176, 0.0588, 0.0000, 0.0588, 0.1176, 0.0000, 0.0588, 0.0588,
        0.0000, 0.2059, 0.0000, 0.0000, 0.0588, 0.0294, 0.0882, 0.0882, 0.0000,
        0.0588, 0.0000, 0.0000, 0.1176, 0.0588, 0.0000, 0.0588, 0.1176, 0.0000,
        0.0588, 0.0588, 0.0000, 0.2059, 0.0000, 0.0000, 0.0588, 0.0294, 0.0882,
        0.0882, 0.0000, 0.0588, 0.0000])
tensor([0.1026, 0.0256, 0.0256, 0.0513, 0.0000, 0.0513, 0.0256, 0.0256, 0.0000,
        0.0769, 0.0513, 0.0256, 0.0000, 0.0256, 0.0769, 0.2308, 0.0513, 0.1282,
        0.0000, 0.0256, 0.1026, 0.0256, 0.0256, 0.0513, 0.0000, 0.0513, 0.0256,
        0.0256, 0.0000, 0.0769, 0.0513, 0.0256, 0.0000, 0.0256, 0.0769, 0.2308,
        0.0513, 0.1282, 0.0000, 0.0256])

torch.Size([779, 62])
tensor([0.0600, 0.0400, 0.0600, 0.0400, 0.1000, 0.0600, 0.0000, 0.2000, 0.0200,
        0.0000, 0.0200, 0.0200, 0.0000, 0.0600, 0.0400, 0.1000, 0.1200, 0.0000,
        0.0600, 0.0000, 0.0600, 0.0400, 0.0600, 0.0400, 0.1000, 0.0600, 0.0000,
        0.2000, 0.0200, 0.0000, 0.0200, 0.0200, 0.0000, 0.0600, 0.0400, 0.1000,
        0.1200, 0.0000, 0.0600, 0.0000])
tensor([0.0600, 0.0400, 0.0600, 0.0400, 0.1000, 0.0600, 0.0000, 0.2000, 0.0200,
        0.0000, 0.0200, 0.0200, 0.0000, 0.0600, 0.0400, 0.1000, 0.1200, 0.0000,
        0.0600, 0.0000, 0.0600, 0.0400, 0.0600, 0.0400, 0.1000, 0.0600, 0.0000,
        0.2000, 0.0200, 0.0000, 0.0200, 0.0200, 0.0000, 0.0600, 0.0400, 0.1000,
        0.1200, 0.0000, 0.0600, 0.0000])
tensor([0.0600, 0.0400, 0.0600, 0.0400, 0.1000, 0.0400, 0.0200, 0.2000, 0.0200,
        0.0000, 0.0200, 0.0200, 0.0000, 0.0600, 0.0400, 0.1000, 0.1200, 0.0000,
        0.0600, 0.0000, 0.0600, 0.0400, 0.0600, 0.0400, 0.1000, 0.0400, 0.0200,
        0.2000, 0.0200, 0.0000, 0.0200, 0.0200, 0.0000, 0.0600, 0.0400, 0.1000,
        0.1200, 0.0000, 0.0600, 0.0000])
tensor([0.0612, 0.0204, 0.0408, 0.0204, 0.1224, 0.0204, 0.0000, 0.1837, 0.0204,
        0.0612, 0.0408, 0.0204, 0.0204, 0.0204, 0.0204, 0.1224, 0.0408, 0.0408,
        0.0816, 0.0408, 0.0612, 0.0204, 0.0408, 0.0204, 0.1224, 0.0204, 0.0000,
        0.1837, 0.0204, 0.0612, 0.0408, 0.0204, 0.0204, 0.0204, 0.0204, 0.1224,
        0.0408, 0.0408, 0.0816, 0.0408])

torch.Size([437, 62])
tensor([0.0000, 0.0702, 0.0175, 0.0351, 0.1404, 0.0526, 0.0351, 0.0877, 0.0351,
        0.0526, 0.1228, 0.0351, 0.0175, 0.0175, 0.0175, 0.1228, 0.0702, 0.0000,
        0.0351, 0.0351, 0.0000, 0.0702, 0.0175, 0.0351, 0.1404, 0.0526, 0.0351,
        0.0877, 0.0351, 0.0526, 0.1228, 0.0351, 0.0175, 0.0175, 0.0175, 0.1228,
        0.0702, 0.0000, 0.0351, 0.0351])
tensor([0.0000, 0.0702, 0.0175, 0.0351, 0.1404, 0.0526, 0.0351, 0.0877, 0.0351,
        0.0526, 0.1228, 0.0351, 0.0175, 0.0175, 0.0175, 0.1228, 0.0702, 0.0000,
        0.0351, 0.0351, 0.0000, 0.0702, 0.0175, 0.0351, 0.1404, 0.0526, 0.0351,
        0.0877, 0.0351, 0.0526, 0.1228, 0.0351, 0.0175, 0.0175, 0.0175, 0.1228,
        0.0702, 0.0000, 0.0351, 0.0351])
tensor([0.0000, 0.0976, 0.0244, 0.0976, 0.0488, 0.0488, 0.0000, 0.0732, 0.0976,
        0.0244, 0.0976, 0.0488, 0.0244, 0.0488, 0.0244, 0.0976, 0.0488, 0.0244,
        0.0244, 0.0488, 0.0000, 0.0976, 0.0244, 0.0976, 0.0488, 0.0488, 0.0000,
        0.0732, 0.0976, 0.0244, 0.0976, 0.0488, 0.0244, 0.0488, 0.0244, 0.0976,
        0.0488, 0.0244, 0.0244, 0.0488])
tensor([0.0000, 0.0357, 0.0357, 0.0000, 0.0357, 0.1786, 0.0357, 0.0714, 0.0357,
        0.0357, 0.1429, 0.0357, 0.0000, 0.0000, 0.0000, 0.0714, 0.1429, 0.0714,
        0.0000, 0.0714, 0.0000, 0.0357, 0.0357, 0.0000, 0.0357, 0.1786, 0.0357,
        0.0714, 0.0357, 0.0357, 0.1429, 0.0357, 0.0000, 0.0000, 0.0000, 0.0714,
        0.1429, 0.0714, 0.0000, 0.0714])

torch.Size([414, 62])
tensor([0.0357, 0.0714, 0.0357, 0.0357, 0.0000, 0.0000, 0.1071, 0.0714, 0.0000,
        0.0357, 0.1429, 0.1429, 0.0000, 0.0357, 0.0714, 0.0357, 0.0714, 0.0000,
        0.0357, 0.0714, 0.0357, 0.0714, 0.0357, 0.0357, 0.0000, 0.0000, 0.1071,
        0.0714, 0.0000, 0.0357, 0.1429, 0.1429, 0.0000, 0.0357, 0.0714, 0.0357,
        0.0714, 0.0000, 0.0357, 0.0714])
tensor([0.0357, 0.0714, 0.0357, 0.0357, 0.0000, 0.0000, 0.1071, 0.0714, 0.0000,
        0.0357, 0.1429, 0.1429, 0.0000, 0.0357, 0.0714, 0.0357, 0.0714, 0.0000,
        0.0357, 0.0714, 0.0357, 0.0714, 0.0357, 0.0357, 0.0000, 0.0000, 0.1071,
        0.0714, 0.0000, 0.0357, 0.1429, 0.1429, 0.0000, 0.0357, 0.0714, 0.0357,
        0.0714, 0.0000, 0.0357, 0.0714])
tensor([0.0417, 0.0417, 0.0417, 0.1250, 0.0000, 0.0000, 0.0417, 0.0417, 0.0000,
        0.0000, 0.1667, 0.1250, 0.0000, 0.0000, 0.0417, 0.0000, 0.0833, 0.0000,
        0.0417, 0.2083, 0.0417, 0.0417, 0.0417, 0.1250, 0.0000, 0.0000, 0.0417,
        0.0417, 0.0000, 0.0000, 0.1667, 0.1250, 0.0000, 0.0000, 0.0417, 0.0000,
        0.0833, 0.0000, 0.0417, 0.2083])
tensor([0.0400, 0.1600, 0.0000, 0.0800, 0.0800, 0.0800, 0.0800, 0.0000, 0.0000,
        0.0400, 0.0400, 0.0000, 0.0800, 0.0000, 0.0400, 0.0800, 0.0000, 0.0000,
        0.1200, 0.0800, 0.0400, 0.1600, 0.0000, 0.0800, 0.0800, 0.0800, 0.0800,
        0.0000, 0.0000, 0.0400, 0.0400, 0.0000, 0.0800, 0.0000, 0.0400, 0.0800,
        0.0000, 0.0000, 0.1200, 0.0800])

torch.Size([458, 62])
tensor([0.1000, 0.0200, 0.0600, 0.0800, 0.0000, 0.0800, 0.0800, 0.0400, 0.0200,
        0.0000, 0.0400, 0.0200, 0.0000, 0.0200, 0.0200, 0.1800, 0.0200, 0.0600,
        0.1200, 0.0400, 0.1000, 0.0200, 0.0600, 0.0800, 0.0000, 0.0800, 0.0800,
        0.0400, 0.0200, 0.0000, 0.0400, 0.0200, 0.0000, 0.0200, 0.0200, 0.1800,
        0.0200, 0.0600, 0.1200, 0.0400])
tensor([0.1000, 0.0200, 0.0600, 0.0800, 0.0000, 0.0800, 0.0800, 0.0400, 0.0200,
        0.0000, 0.0400, 0.0200, 0.0000, 0.0200, 0.0200, 0.1800, 0.0200, 0.0600,
        0.1200, 0.0400, 0.1000, 0.0200, 0.0600, 0.0800, 0.0000, 0.0800, 0.0800,
        0.0400, 0.0200, 0.0000, 0.0400, 0.0200, 0.0000, 0.0200, 0.0200, 0.1800,
        0.0200, 0.0600, 0.1200, 0.0400])
tensor([0.1000, 0.0200, 0.0600, 0.0800, 0.0000, 0.0800, 0.0800, 0.0400, 0.0200,
        0.0000, 0.0400, 0.0200, 0.0000, 0.0200, 0.0200, 0.1800, 0.0200, 0.0600,
        0.1200, 0.0400, 0.1000, 0.0200, 0.0600, 0.0800, 0.0000, 0.0800, 0.0800,
        0.0400, 0.0200, 0.0000, 0.0400, 0.0200, 0.0000, 0.0200, 0.0200, 0.1800,
        0.0200, 0.0600, 0.1200, 0.0400])
tensor([0.1591, 0.0000, 0.0909, 0.0227, 0.0000, 0.0227, 0.0455, 0.2500, 0.0455,
        0.0000, 0.0682, 0.0227, 0.0000, 0.0227, 0.0455, 0.0455, 0.0455, 0.0455,
        0.0455, 0.0227, 0.1591, 0.0000, 0.0909, 0.0227, 0.0000, 0.0227, 0.0455,
        0.2500, 0.0455, 0.0000, 0.0682, 0.0227, 0.0000, 0.0227, 0.0455, 0.0455,
        0.0455, 0.0455, 0.0455, 0.0227])

