epoch,step,test_loss,test_pcc,train_loss_epoch,train_pcc_epoch,val_loss,val_pcc
0,38,,,,,1.6740633249282837,0.3222621977329254
0,38,,,1.3165760040283203,0.02743155136704445,,
1,77,,,,,1.6734713315963745,0.3331601023674011
1,77,,,1.2660868167877197,-0.004246213007718325,,
2,116,,,,,1.6699894666671753,0.32357099652290344
2,116,,,1.2875609397888184,-0.05059681087732315,,
3,155,,,,,1.6685032844543457,0.3378971219062805
3,155,,,1.305190920829773,0.08941100537776947,,
4,194,,,,,1.6798244714736938,0.33540090918540955
4,194,,,1.279577374458313,0.04358638823032379,,
5,233,,,,,1.6725093126296997,0.328291118144989
5,233,,,1.3486257791519165,0.030296534299850464,,
6,272,,,,,1.6762731075286865,0.31726717948913574
6,272,,,1.2723510265350342,0.09946998953819275,,
7,311,,,,,1.6763238906860352,0.3118749260902405
7,311,,,1.2865087985992432,0.03723890334367752,,
8,350,,,,,1.6730308532714844,0.3025378882884979
8,350,,,1.290750503540039,0.1240941658616066,,
9,389,,,,,1.668287754058838,0.30101725459098816
9,389,,,1.272560954093933,0.11666904389858246,,
10,428,,,,,1.6699645519256592,0.3001873195171356
10,428,,,1.2790814638137817,0.10698498040437698,,
11,467,,,,,1.6660200357437134,0.29110878705978394
11,467,,,1.283349633216858,0.16457512974739075,,
12,506,,,,,1.6668806076049805,0.28576040267944336
12,506,,,1.2780721187591553,0.21448813378810883,,
13,545,,,,,1.6637866497039795,0.2840474843978882
13,545,,,1.301908254623413,0.23062904179096222,,
14,584,,,,,1.6725186109542847,0.2875646948814392
14,584,,,1.247611403465271,0.24718642234802246,,
15,623,,,,,1.6674884557724,0.28166836500167847
15,623,,,1.259480595588684,0.2786221206188202,,
16,662,,,,,1.6576266288757324,0.281660795211792
16,662,,,1.2490302324295044,0.3165737986564636,,
17,701,,,,,1.6637382507324219,0.28182560205459595
17,701,,,1.2288118600845337,0.29308560490608215,,
18,740,,,,,1.6616261005401611,0.28518256545066833
18,740,,,1.2283695936203003,0.3508590757846832,,
19,779,,,,,1.647265076637268,0.28660061955451965
19,779,,,1.2429338693618774,0.3439992368221283,,
20,818,,,,,1.6491533517837524,0.2874188721179962
20,818,,,1.2051255702972412,0.3254948854446411,,
21,857,,,,,1.6417759656906128,0.28946396708488464
21,857,,,1.212788462638855,0.3520984649658203,,
22,896,,,,,1.641648292541504,0.29145023226737976
22,896,,,1.19593346118927,0.3583454489707947,,
23,935,,,,,1.6440839767456055,0.28254491090774536
23,935,,,1.160631537437439,0.3687114119529724,,
24,974,,,,,1.6423410177230835,0.2812594175338745
24,974,,,1.2102034091949463,0.3732747435569763,,
25,1013,,,,,1.6352683305740356,0.2811405062675476
25,1013,,,1.1470534801483154,0.3757367730140686,,
26,1052,,,,,1.6352150440216064,0.2849375009536743
26,1052,,,1.1900142431259155,0.38517916202545166,,
27,1091,,,,,1.6266679763793945,0.287830114364624
27,1091,,,1.1732832193374634,0.4135116636753082,,
28,1130,,,,,1.637148141860962,0.29210421442985535
28,1130,,,1.150817632675171,0.3639727234840393,,
29,1169,,,,,1.6280299425125122,0.28805431723594666
29,1169,,,1.1313806772232056,0.37493401765823364,,
30,1208,,,,,1.625723123550415,0.28830817341804504
30,1208,,,1.1753029823303223,0.37948083877563477,,
31,1247,,,,,1.6342839002609253,0.28900665044784546
31,1247,,,1.1468685865402222,0.42328643798828125,,
32,1286,,,,,1.6250313520431519,0.2881523072719574
32,1286,,,1.173296332359314,0.382794588804245,,
33,1325,,,,,1.6406548023223877,0.2899966239929199
33,1325,,,1.1701477766036987,0.4059178829193115,,
34,1364,,,,,1.623600959777832,0.28519243001937866
34,1364,,,1.1770447492599487,0.41244858503341675,,
35,1403,,,,,1.6392464637756348,0.28418195247650146
35,1403,,,1.1251285076141357,0.40483736991882324,,
36,1442,,,,,1.627342939376831,0.28650814294815063
36,1442,,,1.1671762466430664,0.39985665678977966,,
37,1481,,,,,1.6288070678710938,0.2883802354335785
37,1481,,,1.1699084043502808,0.39951834082603455,,
38,1520,,,,,1.6215825080871582,0.28845834732055664
38,1520,,,1.1707727909088135,0.4311981201171875,,
39,1559,,,,,1.6274428367614746,0.29085689783096313
39,1559,,,1.1576002836227417,0.38893836736679077,,
40,1598,,,,,1.6238714456558228,0.2897148132324219
40,1598,,,1.169097900390625,0.4269736707210541,,
41,1637,,,,,1.6164222955703735,0.2884989082813263
41,1637,,,1.179592490196228,0.3868071138858795,,
42,1676,,,,,1.6077077388763428,0.29336467385292053
42,1676,,,1.1634862422943115,0.40942901372909546,,
43,1715,,,,,1.615915298461914,0.29486730694770813
43,1715,,,1.1565239429473877,0.3833455443382263,,
44,1754,,,,,1.6132978200912476,0.29557761549949646
44,1754,,,1.1518508195877075,0.4113995134830475,,
45,1793,,,,,1.6066999435424805,0.2952514886856079
45,1793,,,1.170458197593689,0.39553403854370117,,
46,1832,,,,,1.6183549165725708,0.2993752062320709
46,1832,,,1.1629977226257324,0.4022293984889984,,
47,1871,,,,,1.6033754348754883,0.2969540059566498
47,1871,,,1.1676377058029175,0.41541802883148193,,
48,1910,,,,,1.623725175857544,0.29563722014427185
48,1910,,,1.1634302139282227,0.417874813079834,,
49,1949,,,,,1.6090177297592163,0.2957163453102112
49,1949,,,1.1730947494506836,0.400438517332077,,
50,1988,,,,,1.6133406162261963,0.2935671806335449
50,1988,,,1.1321468353271484,0.40688690543174744,,
51,2027,,,,,1.6065829992294312,0.2913728952407837
51,2027,,,1.1703733205795288,0.42312750220298767,,
52,2066,,,,,1.6070934534072876,0.29395246505737305
52,2066,,,1.1416813135147095,0.4272935390472412,,
53,2105,,,,,1.6077533960342407,0.2952709496021271
53,2105,,,1.1640453338623047,0.43101876974105835,,
54,2144,,,,,1.6001850366592407,0.2955375015735626
54,2144,,,1.148505687713623,0.4334082007408142,,
55,2183,,,,,1.6102243661880493,0.29417115449905396
55,2183,,,1.1584532260894775,0.4057281017303467,,
56,2222,,,,,1.597269058227539,0.2950398027896881
56,2222,,,1.1757522821426392,0.41484031081199646,,
57,2261,,,,,1.6037013530731201,0.29443293809890747
57,2261,,,1.1316840648651123,0.46020522713661194,,
58,2300,,,,,1.5950549840927124,0.29463961720466614
58,2300,,,1.1841727495193481,0.3966994285583496,,
59,2339,,,,,1.5961755514144897,0.29292595386505127
59,2339,,,1.1582039594650269,0.44700127840042114,,
60,2378,,,,,1.5946941375732422,0.29665321111679077
60,2378,,,1.166399598121643,0.4253191351890564,,
61,2417,,,,,1.603430986404419,0.2946881949901581
61,2417,,,1.1661423444747925,0.415843665599823,,
62,2456,,,,,1.5957111120224,0.2962600588798523
62,2456,,,1.1572562456130981,0.41676101088523865,,
63,2495,,,,,1.6086618900299072,0.2958590090274811
63,2495,,,1.156371831893921,0.41303062438964844,,
64,2534,,,,,1.594927430152893,0.29628631472587585
64,2534,,,1.1444600820541382,0.4370676577091217,,
65,2573,,,,,1.6082147359848022,0.2965625524520874
65,2573,,,1.1513439416885376,0.47164446115493774,,
66,2612,,,,,1.6132477521896362,0.29439297318458557
66,2612,,,1.134417176246643,0.43603524565696716,,
67,2651,,,,,1.6012176275253296,0.2933588922023773
67,2651,,,1.150158166885376,0.4141777753829956,,
68,2690,,,,,1.6076334714889526,0.2948381304740906
68,2690,,,1.1317914724349976,0.42227494716644287,,
69,2729,,,,,1.5929811000823975,0.29468733072280884
69,2729,,,1.138527274131775,0.4446015954017639,,
70,2768,,,,,1.5991498231887817,0.29505664110183716
70,2768,,,1.163468599319458,0.40786248445510864,,
71,2807,,,,,1.5938893556594849,0.2945388853549957
71,2807,,,1.140315294265747,0.4123384952545166,,
72,2846,,,,,1.593672275543213,0.297637015581131
72,2846,,,1.1850686073303223,0.45392388105392456,,
73,2885,,,,,1.5929760932922363,0.29546040296554565
73,2885,,,1.152706265449524,0.43802785873413086,,
74,2924,,,,,1.5997382402420044,0.2963763475418091
74,2924,,,1.1332274675369263,0.437274694442749,,
75,2963,,,,,1.5908342599868774,0.30034929513931274
75,2963,,,1.1432156562805176,0.473276823759079,,
76,3002,,,,,1.5933762788772583,0.30122682452201843
76,3002,,,1.123553991317749,0.4728417992591858,,
77,3041,,,,,1.585168719291687,0.30338701605796814
77,3041,,,1.1374155282974243,0.45151880383491516,,
78,3080,,,,,1.5864332914352417,0.30320098996162415
78,3080,,,1.1515238285064697,0.4392874240875244,,
79,3119,,,,,1.589194655418396,0.2998938262462616
79,3119,,,1.1520241498947144,0.43562257289886475,,
80,3158,,,,,1.6004499197006226,0.297617644071579
80,3158,,,1.1036282777786255,0.4447830021381378,,
81,3197,,,,,1.5949651002883911,0.29569122195243835
81,3197,,,1.1329851150512695,0.45882102847099304,,
82,3236,,,,,1.5989865064620972,0.2966691553592682
82,3236,,,1.0951926708221436,0.462699294090271,,
83,3275,,,,,1.6009442806243896,0.29553818702697754
83,3275,,,1.139573097229004,0.4471713900566101,,
84,3314,,,,,1.589989185333252,0.29504796862602234
84,3314,,,1.1312625408172607,0.44046562910079956,,
85,3353,,,,,1.59874427318573,0.2910677492618561
85,3353,,,1.1351537704467773,0.4393169581890106,,
86,3392,,,,,1.5953872203826904,0.2916030287742615
86,3392,,,1.1469141244888306,0.4451581537723541,,
87,3431,,,,,1.60270357131958,0.29126492142677307
87,3431,,,1.1330406665802002,0.4499671757221222,,
88,3470,,,,,1.6028475761413574,0.2924165725708008
88,3470,,,1.1039115190505981,0.46943846344947815,,
89,3509,,,,,1.603439450263977,0.29320859909057617
89,3509,,,1.1062750816345215,0.4480252265930176,,
90,3548,,,,,1.5936681032180786,0.2934860289096832
90,3548,,,1.1281702518463135,0.46200188994407654,,
91,3587,,,,,1.6009794473648071,0.2934330403804779
91,3587,,,1.1435701847076416,0.4531138837337494,,
92,3626,,,,,1.5926514863967896,0.2941349744796753
92,3626,,,1.1310691833496094,0.44414108991622925,,
93,3665,,,,,1.597300410270691,0.29420605301856995
93,3665,,,1.1150834560394287,0.4920400381088257,,
94,3704,,,,,1.5966352224349976,0.2941024899482727
94,3704,,,1.1485346555709839,0.45099493861198425,,
95,3743,,,,,1.592444658279419,0.29287925362586975
95,3743,,,1.1528230905532837,0.4453950524330139,,
96,3782,,,,,1.5957081317901611,0.2928437292575836
96,3782,,,1.1486873626708984,0.47277846932411194,,
97,3821,,,,,1.5988495349884033,0.29123303294181824
97,3821,,,1.1606824398040771,0.40377894043922424,,
98,3860,,,,,1.5980439186096191,0.2926507592201233
98,3860,,,1.1137908697128296,0.4507862627506256,,
99,3899,,,,,1.5970247983932495,0.2943381071090698
99,3899,,,1.1164393424987793,0.4554949402809143,,
100,3938,,,,,1.5937626361846924,0.29329589009284973
100,3938,,,1.1376192569732666,0.4467872679233551,,
101,3977,,,,,1.6029871702194214,0.29139381647109985
101,3977,,,1.115155816078186,0.4537871479988098,,
102,4016,,,,,1.5927834510803223,0.29310718178749084
102,4016,,,1.149013876914978,0.44651105999946594,,
103,4055,,,,,1.6034215688705444,0.2899831235408783
103,4055,,,1.1185462474822998,0.4645977020263672,,
104,4094,,,,,1.6070795059204102,0.28732728958129883
104,4094,,,1.1520549058914185,0.4433506727218628,,
105,4133,,,,,1.5956324338912964,0.28506240248680115
105,4133,,,1.1322144269943237,0.42494627833366394,,
106,4172,,,,,1.6054487228393555,0.28261280059814453
106,4172,,,1.0883228778839111,0.4691848158836365,,
107,4211,,,,,1.6057559251785278,0.282185822725296
107,4211,,,1.1267755031585693,0.44243261218070984,,
108,4250,,,,,1.6151820421218872,0.2776332199573517
108,4250,,,1.1336452960968018,0.4621407389640808,,
109,4289,,,,,1.6025030612945557,0.27819231152534485
109,4289,,,1.1230164766311646,0.459267795085907,,
110,4328,,,,,1.6131383180618286,0.27932512760162354
110,4328,,,1.12570059299469,0.47445809841156006,,
111,4367,,,,,1.6048614978790283,0.280529648065567
111,4367,,,1.1523860692977905,0.46729665994644165,,
112,4406,,,,,1.6192137002944946,0.27703332901000977
112,4406,,,1.1180914640426636,0.45439058542251587,,
113,4445,,,,,1.6105248928070068,0.2781590223312378
113,4445,,,1.1354351043701172,0.4577004015445709,,
114,4484,,,,,1.6055160760879517,0.28002896904945374
114,4484,,,1.099183440208435,0.4649498760700226,,
115,4523,,,,,1.6110410690307617,0.28161555528640747
115,4523,,,1.098818063735962,0.4564661383628845,,
116,4562,,,,,1.6087826490402222,0.2840847969055176
116,4562,,,1.140406608581543,0.4465717375278473,,
117,4601,,,,,1.6183767318725586,0.2829846143722534
117,4601,,,1.092638611793518,0.4763485789299011,,
118,4640,,,,,1.5990668535232544,0.2835664749145508
118,4640,,,1.1486340761184692,0.4776301681995392,,
119,4679,,,,,1.6009230613708496,0.2823943793773651
119,4679,,,1.1072771549224854,0.482521116733551,,
120,4718,,,,,1.614917516708374,0.27933910489082336
120,4718,,,1.133588194847107,0.44716811180114746,,
121,4757,,,,,1.6046501398086548,0.2794150114059448
121,4757,,,1.102647066116333,0.45656365156173706,,
122,4796,,,,,1.613925576210022,0.28024032711982727
122,4796,,,1.1077871322631836,0.45516523718833923,,
123,4835,,,,,1.6072708368301392,0.28175392746925354
123,4835,,,1.1000498533248901,0.46245619654655457,,
124,4874,,,,,1.6102734804153442,0.2818719446659088
124,4874,,,1.121158242225647,0.47151893377304077,,
125,4913,,,,,1.6099306344985962,0.2821500301361084
125,4913,,,1.1159104108810425,0.47197702527046204,,
126,4952,,,,,1.6157320737838745,0.28138384222984314
126,4952,,,1.0956063270568848,0.4387347996234894,,
127,4991,,,,,1.6070610284805298,0.28217118978500366
127,4991,,,1.145174264907837,0.4795258939266205,,
128,5030,,,,,1.6178544759750366,0.2793036103248596
128,5030,,,1.1274561882019043,0.45591339468955994,,
129,5069,,,,,1.6099637746810913,0.2820599377155304
129,5069,,,1.0942143201828003,0.47237685322761536,,
130,5108,,,,,1.6199512481689453,0.28219589591026306
130,5108,,,1.134713053703308,0.46492883563041687,,
131,5147,,,,,1.6099295616149902,0.284572958946228
131,5147,,,1.1086273193359375,0.485496461391449,,
132,5186,,,,,1.6109583377838135,0.28280502557754517
132,5186,,,1.1033769845962524,0.4302661716938019,,
133,5225,,,,,1.6122163534164429,0.2826264500617981
133,5225,,,1.1333308219909668,0.45601433515548706,,
134,5264,,,,,1.6127307415008545,0.28228357434272766
134,5264,,,1.1344016790390015,0.478644996881485,,
135,5303,,,,,1.6124762296676636,0.28203609585762024
135,5303,,,1.1045573949813843,0.4902834892272949,,
136,5342,,,,,1.608773946762085,0.2843088209629059
136,5342,,,1.1300885677337646,0.5028508305549622,,
137,5381,,,,,1.6146727800369263,0.2845284342765808
137,5381,,,1.1250067949295044,0.45255500078201294,,
138,5420,,,,,1.619844675064087,0.2842596471309662
138,5420,,,1.132444977760315,0.4797609746456146,,
139,5459,,,,,1.6119906902313232,0.2847645878791809
139,5459,,,1.1117595434188843,0.4560748338699341,,
140,5498,,,,,1.6073436737060547,0.2860866189002991
140,5498,,,1.0973767042160034,0.47785666584968567,,
141,5537,,,,,1.613584280014038,0.2856009006500244
141,5537,,,1.1325278282165527,0.4481191337108612,,
142,5576,,,,,1.609809398651123,0.2879627048969269
142,5576,,,1.0855648517608643,0.4626118540763855,,
143,5615,,,,,1.617469072341919,0.28473857045173645
143,5615,,,1.0976274013519287,0.46959367394447327,,
144,5654,,,,,1.6087114810943604,0.2851967215538025
144,5654,,,1.127684235572815,0.4637044668197632,,
145,5693,,,,,1.6109529733657837,0.2846211791038513
145,5693,,,1.1245306730270386,0.4873928129673004,,
146,5732,,,,,1.611282229423523,0.28464075922966003
146,5732,,,1.1042898893356323,0.456084668636322,,
147,5771,,,,,1.616157054901123,0.2841609716415405
147,5771,,,1.1056318283081055,0.5000248551368713,,
148,5810,,,,,1.620474934577942,0.2817084789276123
148,5810,,,1.1125872135162354,0.472186803817749,,
149,5849,,,,,1.6107282638549805,0.28329628705978394
149,5849,,,1.1242542266845703,0.461180180311203,,
150,5888,,,,,1.611542820930481,0.2835885286331177
150,5888,,,1.108785629272461,0.4696163237094879,,
151,5927,,,,,1.6122061014175415,0.28356871008872986
151,5927,,,1.1341745853424072,0.4834774136543274,,
152,5966,,,,,1.6139088869094849,0.2830147445201874
152,5966,,,1.1512221097946167,0.4514014422893524,,
153,6005,,,,,1.6091145277023315,0.28384652733802795
153,6005,,,1.1240144968032837,0.4580817222595215,,
154,6044,,,,,1.610970377922058,0.28398552536964417
154,6044,,,1.1052378416061401,0.4779811203479767,,
155,6083,,,,,1.6093944311141968,0.28412818908691406
155,6083,,,1.1027721166610718,0.4764386713504791,,
156,6122,,,,,1.6213911771774292,0.2844019830226898
156,6122,,,1.1259162425994873,0.4553987681865692,,
157,6161,,,,,1.6110330820083618,0.2825959622859955
157,6161,,,1.1280661821365356,0.4772486090660095,,
158,6200,,,,,1.6174793243408203,0.27942001819610596
158,6200,,,1.1233813762664795,0.43238335847854614,,
159,6239,,,,,1.6115659475326538,0.28017300367355347
159,6239,,,1.1131577491760254,0.44890639185905457,,
160,6278,,,,,1.6151201725006104,0.27821436524391174
160,6278,,,1.1328775882720947,0.46153968572616577,,
161,6317,,,,,1.6119842529296875,0.27750369906425476
161,6317,,,1.1191397905349731,0.4321597218513489,,
162,6356,,,,,1.6200333833694458,0.2751444876194
162,6356,,,1.1115915775299072,0.4831967353820801,,
163,6395,,,,,1.6211878061294556,0.27677270770072937
163,6395,,,1.136466145515442,0.4703560769557953,,
164,6434,,,,,1.613114833831787,0.27732956409454346
164,6434,,,1.1149049997329712,0.44576743245124817,,
165,6473,,,,,1.613989233970642,0.2802045941352844
165,6473,,,1.0874594449996948,0.48416733741760254,,
166,6512,,,,,1.6102104187011719,0.28249824047088623
166,6512,,,1.1207988262176514,0.46692442893981934,,
167,6551,,,,,1.6179193258285522,0.28101590275764465
167,6551,,,1.1138030290603638,0.5001518130302429,,
168,6590,,,,,1.6166890859603882,0.2795708179473877
168,6590,,,1.098272442817688,0.4814848303794861,,
169,6629,,,,,1.6211085319519043,0.27834486961364746
169,6629,,,1.096444010734558,0.4685635566711426,,
170,6668,,,,,1.624200463294983,0.2773779034614563
170,6668,,,1.101519227027893,0.48014089465141296,,
171,6707,,,,,1.6198644638061523,0.2770613431930542
171,6707,,,1.1111241579055786,0.46252676844596863,,
172,6746,,,,,1.617330551147461,0.2760538160800934
172,6746,,,1.1207555532455444,0.4563276767730713,,
173,6785,,,,,1.620766520500183,0.27593275904655457
173,6785,,,1.1067914962768555,0.47629988193511963,,
174,6824,,,,,1.6276516914367676,0.27542153000831604
174,6824,,,1.0976438522338867,0.47467172145843506,,
175,6863,,,,,1.618011474609375,0.2788446545600891
175,6863,,,1.0921136140823364,0.45766663551330566,,
176,6902,,,,,1.6293476819992065,0.2754759192466736
176,6902,,,1.0941239595413208,0.4779505729675293,,
177,6941,,,,,1.6200225353240967,0.27847468852996826
177,6941,,,1.133880615234375,0.4884798526763916,,
178,6980,,,,,1.6166878938674927,0.27994194626808167
178,6980,,,1.151808738708496,0.42169591784477234,,
179,7019,,,,,1.6110303401947021,0.2806200385093689
179,7019,,,1.0972182750701904,0.4536057412624359,,
180,7058,,,,,1.6182608604431152,0.2804615795612335
180,7058,,,1.1169071197509766,0.4279795289039612,,
181,7097,,,,,1.6202417612075806,0.28057241439819336
181,7097,,,1.1055891513824463,0.47929689288139343,,
182,7136,,,,,1.617111325263977,0.2807208001613617
182,7136,,,1.1290266513824463,0.4713045656681061,,
183,7175,,,,,1.6202541589736938,0.27988165616989136
183,7175,,,1.1214299201965332,0.45876604318618774,,
184,7214,,,,,1.618375301361084,0.27978360652923584
184,7214,,,1.1199132204055786,0.47371962666511536,,
185,7253,,,,,1.6168806552886963,0.27777299284935
185,7253,,,1.1309922933578491,0.4564068019390106,,
186,7292,,,,,1.6282126903533936,0.27835237979888916
186,7292,,,1.1380552053451538,0.4418018162250519,,
187,7331,,,,,1.6166439056396484,0.2818199396133423
187,7331,,,1.1301790475845337,0.44106966257095337,,
188,7370,,,,,1.6184016466140747,0.28112494945526123
188,7370,,,1.0984309911727905,0.452984094619751,,
189,7409,,,,,1.6201045513153076,0.28079187870025635
189,7409,,,1.0872772932052612,0.4892963469028473,,
190,7448,,,,,1.6219408512115479,0.28102150559425354
190,7448,,,1.090526819229126,0.4779624342918396,,
191,7487,,,,,1.6215064525604248,0.2815171480178833
191,7487,,,1.0694578886032104,0.49252358078956604,,
192,7526,,,,,1.6132912635803223,0.2838101387023926
192,7526,,,1.112594485282898,0.49656182527542114,,
193,7565,,,,,1.6159642934799194,0.28528717160224915
193,7565,,,1.0918182134628296,0.47979745268821716,,
194,7604,,,,,1.6199591159820557,0.28456372022628784
194,7604,,,1.0977890491485596,0.4779226779937744,,
195,7643,,,,,1.6154820919036865,0.28659507632255554
195,7643,,,1.1143664121627808,0.45234182476997375,,
196,7682,,,,,1.6154606342315674,0.28618091344833374
196,7682,,,1.1286667585372925,0.4612107276916504,,
197,7721,,,,,1.6171257495880127,0.2866160273551941
197,7721,,,1.1235023736953735,0.455400675535202,,
198,7760,,,,,1.6150282621383667,0.28832992911338806
198,7760,,,1.080809235572815,0.48906034231185913,,
199,7799,,,,,1.6095517873764038,0.2894449234008789
199,7799,,,1.1091082096099854,0.49320945143699646,,
200,7838,,,,,1.6186727285385132,0.2867949306964874
200,7838,,,1.1049710512161255,0.480255663394928,,
201,7877,,,,,1.61234450340271,0.28946182131767273
201,7877,,,1.0860403776168823,0.4890783131122589,,
202,7916,,,,,1.61324942111969,0.2885192334651947
202,7916,,,1.1155588626861572,0.48642051219940186,,
203,7955,,,,,1.6127606630325317,0.2913554608821869
203,7955,,,1.1010150909423828,0.4486665427684784,,
204,7994,,,,,1.6162384748458862,0.2901696562767029
204,7994,,,1.0981595516204834,0.47601357102394104,,
205,8033,,,,,1.6295647621154785,0.28908151388168335
205,8033,,,1.10299551486969,0.45137444138526917,,
206,8072,,,,,1.617811918258667,0.28702041506767273
206,8072,,,1.1179040670394897,0.4494740962982178,,
207,8111,,,,,1.615957260131836,0.2864815294742584
207,8111,,,1.091217279434204,0.4638689458370209,,
208,8150,,,,,1.6126161813735962,0.28603512048721313
208,8150,,,1.109608769416809,0.486337274312973,,
209,8189,,,,,1.6157618761062622,0.288073867559433
209,8189,,,1.1099309921264648,0.490878164768219,,
210,8228,,,,,1.6168761253356934,0.2877098321914673
210,8228,,,1.1128509044647217,0.49378538131713867,,
211,8267,,,,,1.6106157302856445,0.2877272963523865
211,8267,,,1.0842931270599365,0.4626035988330841,,
212,8306,,,,,1.6138372421264648,0.28684547543525696
212,8306,,,1.124836802482605,0.4425356388092041,,
213,8345,,,,,1.6237330436706543,0.2855561673641205
213,8345,,,1.0817919969558716,0.46807464957237244,,
214,8384,,,,,1.6118732690811157,0.28931254148483276
214,8384,,,1.0854560136795044,0.5157846212387085,,
215,8423,,,,,1.6189347505569458,0.29027730226516724
215,8423,,,1.1039530038833618,0.44633597135543823,,
216,8462,,,,,1.6171296834945679,0.28829988837242126
216,8462,,,1.114009141921997,0.46401435136795044,,
217,8501,,,,,1.617969274520874,0.2890447974205017
217,8501,,,1.1109150648117065,0.47295457124710083,,
218,8540,,,,,1.6209672689437866,0.28704923391342163
218,8540,,,1.088012456893921,0.4816341996192932,,
219,8579,,,,,1.6273974180221558,0.28567492961883545
219,8579,,,1.0961229801177979,0.46886512637138367,,
220,8618,,,,,1.6196173429489136,0.28560879826545715
220,8618,,,1.074729084968567,0.4845009744167328,,
221,8657,,,,,1.614662528038025,0.288070410490036
221,8657,,,1.079891324043274,0.4975478947162628,,
222,8696,,,,,1.6242461204528809,0.2898710072040558
222,8696,,,1.1029789447784424,0.4897715747356415,,
223,8735,,,,,1.6211247444152832,0.2900116443634033
223,8735,,,1.095167875289917,0.46549856662750244,,
224,8774,,,,,1.6155600547790527,0.29040393233299255
224,8774,,,1.1030133962631226,0.4566633701324463,,
225,8813,,,,,1.6108049154281616,0.29054510593414307
225,8813,,,1.0860404968261719,0.49571916460990906,,
226,8852,,,,,1.6143349409103394,0.2882320284843445
226,8852,,,1.1473056077957153,0.47257301211357117,,
227,8891,,,,,1.6188899278640747,0.2883458435535431
227,8891,,,1.131758213043213,0.4882102906703949,,
228,8930,,,,,1.6276742219924927,0.2849196791648865
228,8930,,,1.101517677307129,0.49678412079811096,,
229,8969,,,,,1.6155208349227905,0.28764912486076355
229,8969,,,1.101751685142517,0.4714130461215973,,
230,9008,,,,,1.616929292678833,0.2880469262599945
230,9008,,,1.0887248516082764,0.46234574913978577,,
231,9047,,,,,1.616175651550293,0.28661349415779114
231,9047,,,1.1223713159561157,0.46100538969039917,,
232,9086,,,,,1.6175063848495483,0.28597772121429443
232,9086,,,1.109790563583374,0.501645565032959,,
233,9125,,,,,1.6185007095336914,0.2867686152458191
233,9125,,,1.1085376739501953,0.5006141066551208,,
234,9164,,,,,1.617630958557129,0.28678402304649353
234,9164,,,1.1313066482543945,0.4815419912338257,,
235,9203,,,,,1.6213890314102173,0.28592464327812195
235,9203,,,1.120478630065918,0.4500117301940918,,
236,9242,,,,,1.6200244426727295,0.28868329524993896
236,9242,,,1.0940515995025635,0.48900026082992554,,
237,9281,,,,,1.6288714408874512,0.2881146967411041
237,9281,,,1.1298500299453735,0.4915885031223297,,
238,9320,,,,,1.6186587810516357,0.28751423954963684
238,9320,,,1.0949186086654663,0.4798635244369507,,
239,9359,,,,,1.613585114479065,0.28959086537361145
239,9359,,,1.1247169971466064,0.5001820921897888,,
240,9398,,,,,1.6242406368255615,0.28752240538597107
240,9398,,,1.0929628610610962,0.4922865927219391,,
241,9437,,,,,1.6186696290969849,0.2892758846282959
241,9437,,,1.0858992338180542,0.49817779660224915,,
242,9476,,,,,1.6145851612091064,0.2921570837497711
242,9476,,,1.0818959474563599,0.5098932981491089,,
243,9515,,,,,1.622870922088623,0.2890489995479584
243,9515,,,1.11837637424469,0.4878956377506256,,
244,9554,,,,,1.6229169368743896,0.2868843078613281
244,9554,,,1.0937366485595703,0.4670298993587494,,
245,9593,,,,,1.6250016689300537,0.286703497171402
245,9593,,,1.0975110530853271,0.49089789390563965,,
246,9632,,,,,1.622430682182312,0.2894645631313324
246,9632,,,1.1104488372802734,0.4818496108055115,,
247,9671,,,,,1.6174590587615967,0.29114606976509094
247,9671,,,1.1132820844650269,0.46325722336769104,,
248,9710,,,,,1.6236307621002197,0.29021668434143066
248,9710,,,1.0932466983795166,0.478546679019928,,
249,9749,,,,,1.62845778465271,0.2880552113056183
249,9749,,,1.092270016670227,0.5073251724243164,,
250,9788,,,,,1.6242790222167969,0.28875285387039185
250,9788,,,1.0997246503829956,0.47970321774482727,,
251,9827,,,,,1.6139299869537354,0.28917187452316284
251,9827,,,1.1132084131240845,0.510945737361908,,
252,9866,,,,,1.6189489364624023,0.28973203897476196
252,9866,,,1.1014931201934814,0.48108038306236267,,
253,9905,,,,,1.6267716884613037,0.28873440623283386
253,9905,,,1.0914671421051025,0.49138402938842773,,
254,9944,,,,,1.6307227611541748,0.28757643699645996
254,9944,,,1.1108797788619995,0.48576903343200684,,
255,9983,,,,,1.6168856620788574,0.28942975401878357
255,9983,,,1.10254967212677,0.5100225806236267,,
256,10022,,,,,1.6303178071975708,0.2873474359512329
256,10022,,,1.130001425743103,0.44899633526802063,,
257,10061,,,,,1.620302438735962,0.28796541690826416
257,10061,,,1.102731704711914,0.47962677478790283,,
258,10100,,,,,1.621463418006897,0.2865334451198578
258,10100,,,1.122629165649414,0.48315009474754333,,
259,10139,,,,,1.6245771646499634,0.28656676411628723
259,10139,,,1.1295206546783447,0.4622432589530945,,
260,10178,,,,,1.621957540512085,0.28784486651420593
260,10178,,,1.1133745908737183,0.4695284068584442,,
261,10217,,,,,1.6178152561187744,0.28995823860168457
261,10217,,,1.089422345161438,0.5148965716362,,
262,10256,,,,,1.6249537467956543,0.2894912660121918
262,10256,,,1.1093217134475708,0.4702497720718384,,
263,10295,,,,,1.6295642852783203,0.28591999411582947
263,10295,,,1.0859410762786865,0.4886506497859955,,
264,10334,,,,,1.6216837167739868,0.28487148880958557
264,10334,,,1.114396333694458,0.44594886898994446,,
265,10373,,,,,1.6332323551177979,0.28627365827560425
265,10373,,,1.09125554561615,0.5006675124168396,,
266,10412,,,,,1.624403715133667,0.28879308700561523
266,10412,,,1.1076642274856567,0.4943784475326538,,
267,10451,,,,,1.6325634717941284,0.28838425874710083
267,10451,,,1.0858728885650635,0.473093718290329,,
268,10490,,,,,1.6242084503173828,0.28810915350914
268,10490,,,1.0849545001983643,0.48039910197257996,,
269,10529,,,,,1.6301696300506592,0.2887253165245056
269,10529,,,1.0913034677505493,0.5061333775520325,,
270,10568,,,,,1.6273349523544312,0.28780484199523926
270,10568,,,1.0971802473068237,0.4825665354728699,,
271,10607,,,,,1.6263700723648071,0.2881232500076294
271,10607,,,1.129734754562378,0.4666460454463959,,
272,10646,,,,,1.6130374670028687,0.2907946705818176
272,10646,,,1.0810059309005737,0.48294204473495483,,
273,10685,,,,,1.6238220930099487,0.2901967763900757
273,10685,,,1.1098772287368774,0.4894983768463135,,
274,10724,,,,,1.6318527460098267,0.2894907295703888
274,10724,,,1.081131935119629,0.4523562788963318,,
275,10763,,,,,1.6274467706680298,0.2894405722618103
275,10763,,,1.0754549503326416,0.49512413144111633,,
276,10802,,,,,1.6289150714874268,0.29184404015541077
276,10802,,,1.092118501663208,0.48643988370895386,,
277,10841,,,,,1.6151666641235352,0.29363587498664856
277,10841,,,1.102337121963501,0.472220778465271,,
278,10880,,,,,1.631064534187317,0.29004019498825073
278,10880,,,1.0790438652038574,0.49871596693992615,,
279,10919,,,,,1.6212084293365479,0.2916395664215088
279,10919,,,1.0899598598480225,0.5148793458938599,,
280,10958,,,,,1.6110351085662842,0.294113427400589
280,10958,,,1.1251940727233887,0.4858686029911041,,
281,10997,,,,,1.6206533908843994,0.2935166358947754
281,10997,,,1.103083610534668,0.4742763340473175,,
282,11036,,,,,1.6116998195648193,0.29521986842155457
282,11036,,,1.090489149093628,0.4575909376144409,,
283,11075,,,,,1.6165462732315063,0.2949858009815216
283,11075,,,1.1043457984924316,0.49178245663642883,,
284,11114,,,,,1.6151058673858643,0.29765787720680237
284,11114,,,1.0946964025497437,0.5046311616897583,,
285,11153,,,,,1.6167584657669067,0.29718029499053955
285,11153,,,1.1152966022491455,0.4961077868938446,,
286,11192,,,,,1.6223031282424927,0.29687100648880005
286,11192,,,1.1237668991088867,0.484835684299469,,
287,11231,,,,,1.6123299598693848,0.29862383008003235
287,11231,,,1.081177830696106,0.48966407775878906,,
288,11270,,,,,1.6217076778411865,0.2963418662548065
288,11270,,,1.086138129234314,0.49395987391471863,,
289,11309,,,,,1.6219501495361328,0.29637131094932556
289,11309,,,1.107943058013916,0.47398924827575684,,
290,11348,,,,,1.6237086057662964,0.2959044277667999
290,11348,,,1.0973674058914185,0.46358421444892883,,
291,11387,,,,,1.6197181940078735,0.29620587825775146
291,11387,,,1.0882548093795776,0.5107395648956299,,
292,11426,,,,,1.619316816329956,0.29649364948272705
292,11426,,,1.0687756538391113,0.4921416640281677,,
293,11465,,,,,1.6204042434692383,0.2963744103908539
293,11465,,,1.0834723711013794,0.4933989942073822,,
294,11504,,,,,1.624489426612854,0.29528939723968506
294,11504,,,1.1083933115005493,0.480450838804245,,
295,11543,,,,,1.6207126379013062,0.29492026567459106
295,11543,,,1.0785471200942993,0.5179091095924377,,
296,11582,,,,,1.6327927112579346,0.29572364687919617
296,11582,,,1.1052193641662598,0.4864470660686493,,
297,11621,,,,,1.6200348138809204,0.2952808439731598
297,11621,,,1.1124889850616455,0.4840581715106964,,
298,11660,,,,,1.620140790939331,0.3000585436820984
298,11660,,,1.0705280303955078,0.5014415383338928,,
299,11699,,,,,1.6243512630462646,0.29845020174980164
299,11699,,,1.0745521783828735,0.4987965226173401,,
300,11738,,,,,1.620350956916809,0.2987722158432007
300,11738,,,1.0952370166778564,0.48842108249664307,,
301,11777,,,,,1.6153535842895508,0.297475129365921
301,11777,,,1.105546236038208,0.5088980197906494,,
302,11816,,,,,1.6252236366271973,0.29645320773124695
302,11816,,,1.1092019081115723,0.4779868423938751,,
303,11855,,,,,1.6180225610733032,0.2968617081642151
303,11855,,,1.1329412460327148,0.49230659008026123,,
304,11894,,,,,1.6173094511032104,0.2983340620994568
304,11894,,,1.0752145051956177,0.48773476481437683,,
305,11933,,,,,1.6309733390808105,0.29779744148254395
305,11933,,,1.0883519649505615,0.5196313858032227,,
306,11972,,,,,1.6227370500564575,0.29646387696266174
306,11972,,,1.126635193824768,0.4720091223716736,,
307,12011,,,,,1.6273951530456543,0.29528647661209106
307,12011,,,1.1152526140213013,0.47918304800987244,,
308,12050,,,,,1.615858793258667,0.29861223697662354
308,12050,,,1.0826125144958496,0.5194320678710938,,
309,12089,,,,,1.618412733078003,0.29846468567848206
309,12089,,,1.069905400276184,0.49892282485961914,,
310,12128,,,,,1.6194148063659668,0.2989564538002014
310,12128,,,1.082759976387024,0.5110129117965698,,
311,12167,,,,,1.617652416229248,0.299191415309906
311,12167,,,1.0884543657302856,0.5029194951057434,,
312,12206,,,,,1.6180245876312256,0.29947906732559204
312,12206,,,1.1183578968048096,0.4663747549057007,,
313,12245,,,,,1.6251667737960815,0.29863885045051575
313,12245,,,1.1059895753860474,0.5005244016647339,,
314,12284,,,,,1.6248576641082764,0.29898354411125183
314,12284,,,1.097167730331421,0.4878237843513489,,
315,12323,,,,,1.6178704500198364,0.29951921105384827
315,12323,,,1.0899991989135742,0.46202385425567627,,
316,12362,,,,,1.6153723001480103,0.2984796464443207
316,12362,,,1.1039830446243286,0.4859674274921417,,
317,12401,,,,,1.6207598447799683,0.29897743463516235
317,12401,,,1.1081866025924683,0.487160861492157,,
318,12440,,,,,1.6197160482406616,0.3000680208206177
318,12440,,,1.1260592937469482,0.48271444439888,,
319,12479,,,,,1.6276696920394897,0.29922693967819214
319,12479,,,1.1036268472671509,0.48047930002212524,,
320,12518,,,,,1.617821216583252,0.3019772171974182
320,12518,,,1.1173571348190308,0.4967633783817291,,
321,12557,,,,,1.6188446283340454,0.30087190866470337
321,12557,,,1.0994722843170166,0.5139691233634949,,
322,12596,,,,,1.619886875152588,0.299774706363678
322,12596,,,1.1086958646774292,0.4503515064716339,,
323,12635,,,,,1.6208178997039795,0.2993440330028534
323,12635,,,1.0970124006271362,0.4815720319747925,,
324,12674,,,,,1.6253610849380493,0.2986415922641754
324,12674,,,1.0706119537353516,0.5247448086738586,,
325,12713,,,,,1.6274374723434448,0.2958180904388428
325,12713,,,1.0964487791061401,0.4853915274143219,,
326,12752,,,,,1.6245999336242676,0.29549285769462585
326,12752,,,1.097698450088501,0.5267876982688904,,
327,12791,,,,,1.6229572296142578,0.2962817847728729
327,12791,,,1.1206542253494263,0.4921605885028839,,
328,12830,,,,,1.6246132850646973,0.2955629527568817
328,12830,,,1.0942637920379639,0.47574326395988464,,
329,12869,,,,,1.625464916229248,0.29623764753341675
329,12869,,,1.0753947496414185,0.5007795095443726,,
330,12908,,,,,1.6294631958007812,0.297561377286911
330,12908,,,1.125032901763916,0.4994408190250397,,
331,12947,,,,,1.6273701190948486,0.2975189983844757
331,12947,,,1.1024253368377686,0.4879967272281647,,
332,12986,,,,,1.627133846282959,0.29733771085739136
332,12986,,,1.1019763946533203,0.49476563930511475,,
333,13025,,,,,1.6251612901687622,0.2976928651332855
333,13025,,,1.0889650583267212,0.4619145095348358,,
334,13064,,,,,1.633062481880188,0.29719772934913635
334,13064,,,1.1446095705032349,0.5051919221878052,,
335,13103,,,,,1.62418532371521,0.29860439896583557
335,13103,,,1.0851209163665771,0.4790630340576172,,
336,13142,,,,,1.624328374862671,0.29740187525749207
336,13142,,,1.1175193786621094,0.5168339610099792,,
337,13181,,,,,1.6353769302368164,0.2981641888618469
337,13181,,,1.1281534433364868,0.4797193109989166,,
338,13220,,,,,1.6273425817489624,0.2986917495727539
338,13220,,,1.0698931217193604,0.48021286725997925,,
339,13259,,,,,1.6347906589508057,0.30046042799949646
339,13259,,,1.1032226085662842,0.48939794301986694,,
340,13298,,,,,1.638757586479187,0.3003523647785187
340,13298,,,1.0811831951141357,0.4923587143421173,,
341,13337,,,,,1.6264419555664062,0.3018302917480469
341,13337,,,1.0758650302886963,0.4972679913043976,,
342,13376,,,,,1.6308284997940063,0.30170896649360657
342,13376,,,1.05680513381958,0.486320436000824,,
343,13415,,,,,1.625914454460144,0.30281591415405273
343,13415,,,1.0949389934539795,0.48069074749946594,,
344,13454,,,,,1.6306400299072266,0.30208250880241394
344,13454,,,1.1125930547714233,0.48826414346694946,,
345,13493,,,,,1.6325843334197998,0.3014390170574188
345,13493,,,1.0919182300567627,0.4800020456314087,,
346,13532,,,,,1.6204833984375,0.30444517731666565
346,13532,,,1.0865862369537354,0.48266610503196716,,
347,13571,,,,,1.6273448467254639,0.3035043776035309
347,13571,,,1.0847653150558472,0.4856015145778656,,
348,13610,,,,,1.6205158233642578,0.30501461029052734
348,13610,,,1.1107381582260132,0.46230459213256836,,
349,13649,,,,,1.6187320947647095,0.3049437403678894
349,13649,,,1.1054025888442993,0.5080838203430176,,
350,13688,,,,,1.6184872388839722,0.30459532141685486
350,13688,,,1.1067028045654297,0.5061987042427063,,
351,13727,,,,,1.6334832906723022,0.3018898069858551
351,13727,,,1.0998568534851074,0.5182702541351318,,
352,13766,,,,,1.6246284246444702,0.30335530638694763
352,13766,,,1.0883514881134033,0.49526968598365784,,
353,13805,,,,,1.6176941394805908,0.3057732582092285
353,13805,,,1.1002854108810425,0.4901755750179291,,
354,13844,,,,,1.6165356636047363,0.3071088492870331
354,13844,,,1.095367670059204,0.4970349669456482,,
355,13883,,,,,1.6232280731201172,0.3061809539794922
355,13883,,,1.062927007675171,0.4866574704647064,,
356,13922,,,,,1.6238168478012085,0.30581724643707275
356,13922,,,1.0646055936813354,0.5092374086380005,,
357,13961,,,,,1.623481273651123,0.3051738440990448
357,13961,,,1.1255816221237183,0.4615090787410736,,
358,14000,,,,,1.621765375137329,0.305035263299942
358,14000,,,1.065963625907898,0.498543918132782,,
359,14039,,,,,1.6218675374984741,0.30511656403541565
359,14039,,,1.096437931060791,0.5076109170913696,,
360,14078,,,,,1.6242271661758423,0.3086089789867401
360,14078,,,1.081575632095337,0.4680209159851074,,
361,14117,,,,,1.6289650201797485,0.30865931510925293
361,14117,,,1.07282555103302,0.5118504762649536,,
362,14156,,,,,1.6272540092468262,0.3083970844745636
362,14156,,,1.10828697681427,0.47924143075942993,,
363,14195,,,,,1.6254923343658447,0.30935201048851013
363,14195,,,1.100554347038269,0.5002402067184448,,
364,14234,,,,,1.6209628582000732,0.3088444471359253
364,14234,,,1.0937955379486084,0.5100836753845215,,
365,14273,,,,,1.6188819408416748,0.3087818920612335
365,14273,,,1.0830978155136108,0.49374595284461975,,
366,14312,,,,,1.6265792846679688,0.30794480443000793
366,14312,,,1.0826210975646973,0.49851205945014954,,
367,14351,,,,,1.623363733291626,0.3064674437046051
367,14351,,,1.0982846021652222,0.4892202615737915,,
368,14390,,,,,1.6221424341201782,0.3056568205356598
368,14390,,,1.1021506786346436,0.5125807523727417,,
369,14429,,,,,1.621064305305481,0.30651524662971497
369,14429,,,1.110930323600769,0.5051915049552917,,
370,14468,,,,,1.6281558275222778,0.30554139614105225
370,14468,,,1.0963131189346313,0.4851134717464447,,
371,14507,,,,,1.6240990161895752,0.30496492981910706
371,14507,,,1.0818198919296265,0.4935373067855835,,
372,14546,,,,,1.62855863571167,0.30603575706481934
372,14546,,,1.058645486831665,0.5069263577461243,,
373,14585,,,,,1.6326693296432495,0.3059596121311188
373,14585,,,1.090865135192871,0.5023811459541321,,
374,14624,,,,,1.6257449388504028,0.3051421046257019
374,14624,,,1.1011059284210205,0.5239169001579285,,
375,14663,,,,,1.6205542087554932,0.30574560165405273
375,14663,,,1.0957616567611694,0.519524097442627,,
376,14702,,,,,1.623213291168213,0.3071123957633972
376,14702,,,1.1006051301956177,0.5080716013908386,,
377,14741,,,,,1.6178548336029053,0.3088415265083313
377,14741,,,1.0689736604690552,0.520102858543396,,
378,14780,,,,,1.6290336847305298,0.30822286009788513
378,14780,,,1.0962188243865967,0.48769471049308777,,
379,14819,,,,,1.6220402717590332,0.30786240100860596
379,14819,,,1.0765180587768555,0.49562200903892517,,
380,14858,,,,,1.6273695230484009,0.3082294464111328
380,14858,,,1.0880376100540161,0.5094400644302368,,
381,14897,,,,,1.6205203533172607,0.30841338634490967
381,14897,,,1.113756775856018,0.49880552291870117,,
382,14936,,,,,1.62483549118042,0.30851757526397705
382,14936,,,1.0945987701416016,0.4946243166923523,,
383,14975,,,,,1.6323246955871582,0.3078552782535553
383,14975,,,1.09276282787323,0.49747878313064575,,
384,15014,,,,,1.6189048290252686,0.30794093012809753
384,15014,,,1.0365335941314697,0.49663764238357544,,
385,15053,,,,,1.6240838766098022,0.3083326816558838
385,15053,,,1.1077147722244263,0.49354737997055054,,
386,15092,,,,,1.6191375255584717,0.30952122807502747
386,15092,,,1.0796557664871216,0.5106178522109985,,
387,15131,,,,,1.6233538389205933,0.3093470633029938
387,15131,,,1.0763607025146484,0.5077106952667236,,
388,15170,,,,,1.6296764612197876,0.30941256880760193
388,15170,,,1.1047742366790771,0.47901827096939087,,
389,15209,,,,,1.6288089752197266,0.30810120701789856
389,15209,,,1.0997623205184937,0.5005936026573181,,
390,15248,,,,,1.6359926462173462,0.3091381788253784
390,15248,,,1.1029819250106812,0.5190246105194092,,
391,15287,,,,,1.6307815313339233,0.3096264600753784
391,15287,,,1.1169707775115967,0.5229967832565308,,
392,15326,,,,,1.620284914970398,0.31210559606552124
392,15326,,,1.09651780128479,0.5010144114494324,,
393,15365,,,,,1.6220523118972778,0.31257718801498413
393,15365,,,1.0962612628936768,0.5081942081451416,,
394,15404,,,,,1.6260970830917358,0.3121494948863983
394,15404,,,1.0766491889953613,0.479046493768692,,
395,15443,,,,,1.6231000423431396,0.31190603971481323
395,15443,,,1.0669759511947632,0.5277513861656189,,
396,15482,,,,,1.6176544427871704,0.30973175168037415
396,15482,,,1.0622520446777344,0.5237261652946472,,
397,15521,,,,,1.6237071752548218,0.3102482259273529
397,15521,,,1.0870190858840942,0.5276326537132263,,
398,15560,,,,,1.6243280172348022,0.3102429509162903
398,15560,,,1.0779902935028076,0.5186727643013,,
399,15599,,,,,1.6192200183868408,0.31183305382728577
399,15599,,,1.0658297538757324,0.49709802865982056,,
400,15638,,,,,1.6191048622131348,0.3127842843532562
400,15638,,,1.0652015209197998,0.4686598777770996,,
401,15677,,,,,1.6228522062301636,0.3134441077709198
401,15677,,,1.0768605470657349,0.4910871088504791,,
402,15716,,,,,1.6191086769104004,0.31462234258651733
402,15716,,,1.0605199337005615,0.5203225612640381,,
403,15755,,,,,1.612965703010559,0.31742918491363525
403,15755,,,1.1153403520584106,0.5128292441368103,,
404,15794,,,,,1.6164958477020264,0.31735605001449585
404,15794,,,1.0727348327636719,0.4916877746582031,,
405,15833,,,,,1.6144702434539795,0.3168690502643585
405,15833,,,1.109209656715393,0.5207502841949463,,
406,15872,,,,,1.6243693828582764,0.3148551881313324
406,15872,,,1.0873078107833862,0.4864193797111511,,
407,15911,,,,,1.6184266805648804,0.3151206374168396
407,15911,,,1.0792402029037476,0.506375789642334,,
408,15950,,,,,1.622917652130127,0.31616121530532837
408,15950,,,1.100288987159729,0.490862101316452,,
409,15989,,,,,1.6156139373779297,0.31754618883132935
409,15989,,,1.09207022190094,0.5111748576164246,,
410,16028,,,,,1.6254929304122925,0.3143945038318634
410,16028,,,1.105536937713623,0.5312352180480957,,
411,16067,,,,,1.6286721229553223,0.31182861328125
411,16067,,,1.0584865808486938,0.4904387593269348,,
412,16106,,,,,1.6204365491867065,0.3115273714065552
412,16106,,,1.0975316762924194,0.48384591937065125,,
413,16145,,,,,1.6296474933624268,0.3129024803638458
413,16145,,,1.0795061588287354,0.4828251004219055,,
414,16184,,,,,1.6249184608459473,0.3134653568267822
414,16184,,,1.0698529481887817,0.5240896344184875,,
415,16223,,,,,1.6259047985076904,0.31406083703041077
415,16223,,,1.0569963455200195,0.5093728303909302,,
416,16262,,,,,1.626031517982483,0.3148360848426819
416,16262,,,1.0819863080978394,0.5285200476646423,,
417,16301,,,,,1.6206549406051636,0.3158949017524719
417,16301,,,1.100953459739685,0.48707008361816406,,
418,16340,,,,,1.6130502223968506,0.3196353018283844
418,16340,,,1.0840740203857422,0.5006683468818665,,
419,16379,,,,,1.6297224760055542,0.31603965163230896
419,16379,,,1.0900808572769165,0.5037089586257935,,
420,16418,,,,,1.6262761354446411,0.3156564235687256
420,16418,,,1.0769760608673096,0.4933629035949707,,
421,16457,,,,,1.6153907775878906,0.31904906034469604
421,16457,,,1.0461739301681519,0.5274471640586853,,
422,16496,,,,,1.6293981075286865,0.3195670247077942
422,16496,,,1.0846054553985596,0.5185222029685974,,
423,16535,,,,,1.6164151430130005,0.3215324580669403
423,16535,,,1.058513879776001,0.4998312294483185,,
424,16574,,,,,1.6236821413040161,0.3200015723705292
424,16574,,,1.085466742515564,0.49595266580581665,,
425,16613,,,,,1.6298022270202637,0.31708723306655884
425,16613,,,1.0821424722671509,0.5156368613243103,,
426,16652,,,,,1.6260772943496704,0.3166147768497467
426,16652,,,1.0802674293518066,0.4851825535297394,,
427,16691,,,,,1.6197495460510254,0.3191972076892853
427,16691,,,1.0951584577560425,0.5123825073242188,,
428,16730,,,,,1.6203235387802124,0.32111886143684387
428,16730,,,1.0657460689544678,0.5333991646766663,,
429,16769,,,,,1.623944640159607,0.3226642310619354
429,16769,,,1.1027920246124268,0.5135760307312012,,
430,16808,,,,,1.6223413944244385,0.32398146390914917
430,16808,,,1.0606656074523926,0.4983588457107544,,
431,16847,,,,,1.6162478923797607,0.32462579011917114
431,16847,,,1.0663055181503296,0.5245651602745056,,
432,16886,,,,,1.6087646484375,0.32558974623680115
432,16886,,,1.068455457687378,0.5000060200691223,,
433,16925,,,,,1.6096729040145874,0.32628029584884644
433,16925,,,1.0689140558242798,0.5200052261352539,,
434,16964,,,,,1.6156941652297974,0.3254515528678894
434,16964,,,1.0623764991760254,0.5242279767990112,,
435,17003,,,,,1.6181695461273193,0.3234807848930359
435,17003,,,1.1070623397827148,0.5297116637229919,,
436,17042,,,,,1.6256909370422363,0.32121554017066956
436,17042,,,1.0738998651504517,0.5271151065826416,,
437,17081,,,,,1.6195266246795654,0.32186001539230347
437,17081,,,1.0645365715026855,0.5130164623260498,,
438,17120,,,,,1.6158075332641602,0.3212747275829315
438,17120,,,1.0405489206314087,0.5240586400032043,,
439,17159,,,,,1.6193233728408813,0.32128819823265076
439,17159,,,1.08870267868042,0.52619868516922,,
440,17198,,,,,1.6181325912475586,0.32254740595817566
440,17198,,,1.0539851188659668,0.5357070565223694,,
441,17237,,,,,1.6220437288284302,0.32027167081832886
441,17237,,,1.0767868757247925,0.49118003249168396,,
442,17276,,,,,1.6282302141189575,0.3217161297798157
442,17276,,,1.0554888248443604,0.5174486041069031,,
443,17315,,,,,1.6138588190078735,0.3229758143424988
443,17315,,,1.063220739364624,0.5527215600013733,,
444,17354,,,,,1.6239622831344604,0.3201378881931305
444,17354,,,1.0403720140457153,0.5157750248908997,,
445,17393,,,,,1.623213768005371,0.32089465856552124
445,17393,,,1.050905466079712,0.5350866317749023,,
446,17432,,,,,1.6243129968643188,0.32211437821388245
446,17432,,,1.078048825263977,0.5110592246055603,,
447,17471,,,,,1.614505410194397,0.3241223990917206
447,17471,,,1.0860625505447388,0.5366455316543579,,
448,17510,,,,,1.6219643354415894,0.32362034916877747
448,17510,,,1.089568853378296,0.5377985239028931,,
449,17549,,,,,1.6228420734405518,0.3241727948188782
449,17549,,,1.0663840770721436,0.5312724113464355,,
450,17588,,,,,1.610199213027954,0.32629263401031494
450,17588,,,1.0813987255096436,0.5113652348518372,,
451,17627,,,,,1.6204073429107666,0.32591280341148376
451,17627,,,1.0693234205245972,0.5191440582275391,,
452,17666,,,,,1.6174864768981934,0.3284713327884674
452,17666,,,1.0596920251846313,0.5338901281356812,,
453,17705,,,,,1.6181687116622925,0.3267906606197357
453,17705,,,1.084414005279541,0.4927523136138916,,
454,17744,,,,,1.6210520267486572,0.3247842788696289
454,17744,,,1.0796676874160767,0.5074816346168518,,
455,17783,,,,,1.616144061088562,0.32444044947624207
455,17783,,,1.0779705047607422,0.5308096408843994,,
456,17822,,,,,1.619086503982544,0.3237200379371643
456,17822,,,1.070712924003601,0.4982273280620575,,
457,17861,,,,,1.6154669523239136,0.3250828683376312
457,17861,,,1.0683653354644775,0.5331973433494568,,
458,17900,,,,,1.6170250177383423,0.3261881470680237
458,17900,,,1.0678528547286987,0.4965279996395111,,
459,17939,,,,,1.6151971817016602,0.3273255228996277
459,17939,,,1.0209362506866455,0.525880753993988,,
460,17978,,,,,1.6134594678878784,0.3277725279331207
460,17978,,,1.0871983766555786,0.5141997337341309,,
461,18017,,,,,1.6155682802200317,0.32805314660072327
461,18017,,,1.0642831325531006,0.4994814395904541,,
462,18056,,,,,1.613287091255188,0.3310968279838562
462,18056,,,1.0714377164840698,0.524628758430481,,
463,18095,,,,,1.6097019910812378,0.32944998145103455
463,18095,,,1.0619944334030151,0.519024133682251,,
464,18134,,,,,1.6157501935958862,0.32854562997817993
464,18134,,,1.0595067739486694,0.5228271484375,,
465,18173,,,,,1.6135118007659912,0.3250516355037689
465,18173,,,1.0819571018218994,0.5264033675193787,,
466,18212,,,,,1.6146926879882812,0.32751965522766113
466,18212,,,1.0975658893585205,0.48982667922973633,,
467,18251,,,,,1.620106816291809,0.32697582244873047
467,18251,,,1.0920484066009521,0.5103390216827393,,
468,18290,,,,,1.6217851638793945,0.326652854681015
468,18290,,,1.0762933492660522,0.5270317196846008,,
469,18329,,,,,1.6148889064788818,0.328591912984848
469,18329,,,1.0710563659667969,0.509143590927124,,
470,18368,,,,,1.6113264560699463,0.3294437527656555
470,18368,,,1.0775450468063354,0.5496727228164673,,
471,18407,,,,,1.6136027574539185,0.33054786920547485
471,18407,,,1.0888136625289917,0.5332880616188049,,
472,18446,,,,,1.612623929977417,0.3309653103351593
472,18446,,,1.0681500434875488,0.4871758222579956,,
473,18485,,,,,1.6122413873672485,0.331184446811676
473,18485,,,1.0475469827651978,0.515289306640625,,
474,18524,,,,,1.6133809089660645,0.33206263184547424
474,18524,,,1.0453184843063354,0.5265402793884277,,
475,18563,,,,,1.6162012815475464,0.33178961277008057
475,18563,,,1.0572888851165771,0.5504505634307861,,
476,18602,,,,,1.615921974182129,0.3341060280799866
476,18602,,,1.0502060651779175,0.5121222138404846,,
477,18641,,,,,1.6050937175750732,0.3363252878189087
477,18641,,,1.0514706373214722,0.5720982551574707,,
478,18680,,,,,1.6168277263641357,0.3346647024154663
478,18680,,,1.0491540431976318,0.533280074596405,,
479,18719,,,,,1.6177186965942383,0.33385393023490906
479,18719,,,1.051714539527893,0.5134394764900208,,
480,18758,,,,,1.6086305379867554,0.3336762487888336
480,18758,,,1.1036782264709473,0.5383901596069336,,
481,18797,,,,,1.6047067642211914,0.3370703458786011
481,18797,,,1.041309118270874,0.5319159626960754,,
482,18836,,,,,1.616217017173767,0.33695751428604126
482,18836,,,1.0665606260299683,0.5335878133773804,,
483,18875,,,,,1.6150997877120972,0.33414342999458313
483,18875,,,1.0684970617294312,0.5159651041030884,,
484,18914,,,,,1.616154670715332,0.33419039845466614
484,18914,,,1.0579580068588257,0.5069661140441895,,
485,18953,,,,,1.615288496017456,0.33452457189559937
485,18953,,,1.0743030309677124,0.5124548077583313,,
486,18992,,,,,1.6100906133651733,0.3331035077571869
486,18992,,,1.0645902156829834,0.5303370952606201,,
487,19031,,,,,1.6122539043426514,0.3329605758190155
487,19031,,,1.0399612188339233,0.572900652885437,,
488,19070,,,,,1.617302656173706,0.33103302121162415
488,19070,,,1.06565523147583,0.5100029706954956,,
489,19109,,,,,1.618653416633606,0.32863956689834595
489,19109,,,1.0230380296707153,0.5588652491569519,,
490,19148,,,,,1.6199382543563843,0.3294246792793274
490,19148,,,1.023769736289978,0.5309589505195618,,
491,19187,,,,,1.6164520978927612,0.3297445476055145
491,19187,,,1.0832784175872803,0.5425001978874207,,
492,19226,,,,,1.6208555698394775,0.3297187089920044
492,19226,,,1.0301450490951538,0.5345361232757568,,
493,19265,,,,,1.6048651933670044,0.3302750289440155
493,19265,,,1.0478399991989136,0.5555881857872009,,
494,19304,,,,,1.6172904968261719,0.32996007800102234
494,19304,,,1.0726568698883057,0.513378381729126,,
495,19343,,,,,1.6230205297470093,0.3290702700614929
495,19343,,,1.0784646272659302,0.557296872138977,,
496,19382,,,,,1.6175721883773804,0.3315236568450928
496,19382,,,1.0803890228271484,0.5262005925178528,,
497,19421,,,,,1.6180682182312012,0.3310732841491699
497,19421,,,1.0375611782073975,0.5313661694526672,,
498,19460,,,,,1.6278560161590576,0.3305736482143402
498,19460,,,1.0658620595932007,0.505014181137085,,
499,19499,,,,,1.6186463832855225,0.3312738835811615
499,19499,,,1.0514568090438843,0.5040173530578613,,
500,19538,,,,,1.6291958093643188,0.3300226926803589
500,19538,,,1.0689847469329834,0.5081163644790649,,
501,19577,,,,,1.62003755569458,0.3300876021385193
501,19577,,,1.0748841762542725,0.5424799919128418,,
502,19616,,,,,1.6126612424850464,0.3322259485721588
502,19616,,,1.034865379333496,0.5626747608184814,,
503,19655,,,,,1.6096389293670654,0.33341100811958313
503,19655,,,1.052433729171753,0.5335042476654053,,
504,19694,,,,,1.6170190572738647,0.33265239000320435
504,19694,,,1.0542970895767212,0.5377997159957886,,
505,19733,,,,,1.6092889308929443,0.33681970834732056
505,19733,,,1.0473978519439697,0.5718342661857605,,
506,19772,,,,,1.6176544427871704,0.33506491780281067
506,19772,,,1.0804098844528198,0.5076528191566467,,
507,19811,,,,,1.6173728704452515,0.3345990777015686
507,19811,,,1.0371772050857544,0.5549045205116272,,
508,19850,,,,,1.6240648031234741,0.33401352167129517
508,19850,,,1.0569716691970825,0.5360368490219116,,
509,19889,,,,,1.6166293621063232,0.3346656858921051
509,19889,,,1.0444796085357666,0.5600171685218811,,
510,19928,,,,,1.6151236295700073,0.3337770998477936
510,19928,,,1.0783441066741943,0.5277486443519592,,
511,19967,,,,,1.617423176765442,0.33332496881484985
511,19967,,,1.0639383792877197,0.5452538728713989,,
512,20006,,,,,1.6217440366744995,0.33187973499298096
512,20006,,,1.016393780708313,0.5063819289207458,,
513,20045,,,,,1.621241569519043,0.3314655125141144
513,20045,,,1.0187625885009766,0.5142111778259277,,
514,20084,,,,,1.6158334016799927,0.33199542760849
514,20084,,,1.0702686309814453,0.5231603384017944,,
515,20123,,,,,1.6106210947036743,0.3332599997520447
515,20123,,,1.071190357208252,0.5532013177871704,,
516,20162,,,,,1.6172925233840942,0.3337450921535492
516,20162,,,1.0361328125,0.548862099647522,,
517,20201,,,,,1.6158455610275269,0.33454588055610657
517,20201,,,1.0659302473068237,0.5121260285377502,,
518,20240,,,,,1.6122856140136719,0.33537259697914124
518,20240,,,1.028950810432434,0.5616186857223511,,
519,20279,,,,,1.6214489936828613,0.33498308062553406
519,20279,,,1.0424587726593018,0.5489811897277832,,
520,20318,,,,,1.6236813068389893,0.33363431692123413
520,20318,,,1.0309537649154663,0.5635992288589478,,
521,20357,,,,,1.6235014200210571,0.33097583055496216
521,20357,,,1.0622035264968872,0.5208515524864197,,
522,20396,,,,,1.6169167757034302,0.33356037735939026
522,20396,,,1.09361732006073,0.5272937417030334,,
523,20435,,,,,1.6174370050430298,0.3326048254966736
523,20435,,,1.013140320777893,0.5506331324577332,,
524,20474,,,,,1.6230559349060059,0.3321231007575989
524,20474,,,1.04060959815979,0.5389166474342346,,
525,20513,,,,,1.6207515001296997,0.330609530210495
525,20513,,,1.0550283193588257,0.5191692113876343,,
526,20552,,,,,1.6232218742370605,0.33106809854507446
526,20552,,,1.032120943069458,0.5346024036407471,,
527,20591,,,,,1.622131586074829,0.3280984163284302
527,20591,,,1.0577422380447388,0.5227275490760803,,
528,20630,,,,,1.6136987209320068,0.3312658369541168
528,20630,,,1.0441190004348755,0.540202260017395,,
529,20669,,,,,1.6273092031478882,0.3262820541858673
529,20669,,,1.0339174270629883,0.5246272087097168,,
530,20708,,,,,1.6178714036941528,0.32786765694618225
530,20708,,,1.0387332439422607,0.5298776626586914,,
531,20747,,,,,1.6205216646194458,0.3293946087360382
531,20747,,,1.0741826295852661,0.5172298550605774,,
532,20786,,,,,1.6184624433517456,0.3289157450199127
532,20786,,,1.0381720066070557,0.5438599586486816,,
533,20825,,,,,1.6197086572647095,0.3290965259075165
533,20825,,,1.0392178297042847,0.5378694534301758,,
534,20864,,,,,1.6147798299789429,0.3286340534687042
534,20864,,,1.0510507822036743,0.5281673073768616,,
535,20903,,,,,1.6210514307022095,0.3297880291938782
535,20903,,,1.0089623928070068,0.5561128854751587,,
536,20942,,,,,1.6209989786148071,0.33106082677841187
536,20942,,,1.054914951324463,0.5561562776565552,,
537,20981,,,,,1.6201061010360718,0.33090344071388245
537,20981,,,1.0262004137039185,0.5403980612754822,,
538,21020,,,,,1.6190348863601685,0.3302382826805115
538,21020,,,1.0478737354278564,0.5427116751670837,,
539,21059,,,,,1.6194571256637573,0.330128937959671
539,21059,,,1.0403672456741333,0.5023669004440308,,
540,21098,,,,,1.6143255233764648,0.33035746216773987
540,21098,,,1.0657258033752441,0.533195436000824,,
541,21137,,,,,1.6141622066497803,0.32949620485305786
541,21137,,,1.042216420173645,0.5568159222602844,,
542,21176,,,,,1.6278411149978638,0.3282749652862549
542,21176,,,1.0522735118865967,0.540874719619751,,
543,21215,,,,,1.625087022781372,0.3296796679496765
543,21215,,,1.0444453954696655,0.560591995716095,,
544,21254,,,,,1.6194509267807007,0.32821834087371826
544,21254,,,1.048818588256836,0.5342626571655273,,
545,21293,,,,,1.621880054473877,0.32858607172966003
545,21293,,,1.026811957359314,0.5575491786003113,,
546,21332,,,,,1.6212420463562012,0.32812580466270447
546,21332,,,1.0357897281646729,0.5538797378540039,,
547,21371,,,,,1.6164706945419312,0.3289918005466461
547,21371,,,1.0484319925308228,0.545320987701416,,
548,21410,,,,,1.6150339841842651,0.3287135660648346
548,21410,,,1.0361695289611816,0.5170347690582275,,
549,21449,,,,,1.6174311637878418,0.32772406935691833
549,21449,,,1.0367897748947144,0.5174006819725037,,
550,21488,,,,,1.6307108402252197,0.32699424028396606
550,21488,,,1.0413447618484497,0.5284045338630676,,
551,21527,,,,,1.6232632398605347,0.3284575045108795
551,21527,,,1.037221908569336,0.5512016415596008,,
552,21566,,,,,1.620070457458496,0.3282228112220764
552,21566,,,1.056552767753601,0.5243925452232361,,
553,21605,,,,,1.6083935499191284,0.32814499735832214
553,21605,,,1.076542615890503,0.5152015089988708,,
554,21644,,,,,1.6235415935516357,0.32749494910240173
554,21644,,,1.0430753231048584,0.5215827822685242,,
555,21683,,,,,1.6195496320724487,0.3303260803222656
555,21683,,,1.046284556388855,0.546367883682251,,
556,21722,,,,,1.613581657409668,0.33136072754859924
556,21722,,,1.0393626689910889,0.5207098722457886,,
557,21761,,,,,1.6200473308563232,0.33016064763069153
557,21761,,,1.0297342538833618,0.5401496291160583,,
558,21800,,,,,1.625827431678772,0.32758215069770813
558,21800,,,1.054172396659851,0.5210759043693542,,
559,21839,,,,,1.6115933656692505,0.3279254734516144
559,21839,,,1.074704647064209,0.5274883508682251,,
560,21878,,,,,1.62394380569458,0.32466158270835876
560,21878,,,1.0758525133132935,0.5573710203170776,,
561,21917,,,,,1.6302917003631592,0.32645735144615173
561,21917,,,1.0460554361343384,0.5420562624931335,,
562,21956,,,,,1.6244314908981323,0.32714903354644775
562,21956,,,1.0349847078323364,0.5285986661911011,,
563,21995,,,,,1.623376727104187,0.32563552260398865
563,21995,,,1.0512454509735107,0.5272918939590454,,
564,22034,,,,,1.614701747894287,0.32776474952697754
564,22034,,,1.0510534048080444,0.5269168615341187,,
565,22073,,,,,1.6243722438812256,0.3315739035606384
565,22073,,,1.0120688676834106,0.5201815366744995,,
566,22112,,,,,1.6186108589172363,0.33355408906936646
566,22112,,,1.0446598529815674,0.5634927749633789,,
567,22151,,,,,1.6102393865585327,0.334056556224823
567,22151,,,1.0652137994766235,0.5559847950935364,,
568,22190,,,,,1.6179932355880737,0.3326389193534851
568,22190,,,1.0504966974258423,0.53240567445755,,
569,22229,,,,,1.6151068210601807,0.334331214427948
569,22229,,,1.0346759557724,0.5172330141067505,,
570,22268,,,,,1.6177453994750977,0.33108600974082947
570,22268,,,1.0597014427185059,0.5308738350868225,,
571,22307,,,,,1.6109217405319214,0.3307422697544098
571,22307,,,1.0076828002929688,0.5529626607894897,,
572,22346,,,,,1.6117963790893555,0.32946503162384033
572,22346,,,1.083832859992981,0.5043219923973083,,
573,22385,,,,,1.6156882047653198,0.3296644389629364
573,22385,,,1.0449999570846558,0.553503155708313,,
574,22424,,,,,1.61632239818573,0.3311742842197418
574,22424,,,1.0342682600021362,0.5465525388717651,,
575,22463,,,,,1.6208405494689941,0.3309783339500427
575,22463,,,1.0333175659179688,0.5330290794372559,,
576,22502,,,,,1.623645305633545,0.32721152901649475
576,22502,,,1.0190507173538208,0.5624003410339355,,
577,22541,,,,,1.621165156364441,0.3289356529712677
577,22541,,,1.0609275102615356,0.5307198762893677,,
578,22580,,,,,1.6220829486846924,0.3285718560218811
578,22580,,,1.0603913068771362,0.5046342611312866,,
579,22619,,,,,1.6189043521881104,0.32893630862236023
579,22619,,,1.050079584121704,0.549048662185669,,
580,22658,,,,,1.6240549087524414,0.326751172542572
580,22658,,,1.044134497642517,0.5182172656059265,,
581,22697,,,,,1.6189810037612915,0.3303672671318054
581,22697,,,1.035928726196289,0.49515867233276367,,
582,22736,,,,,1.622704267501831,0.32878682017326355
582,22736,,,1.0680010318756104,0.5198965072631836,,
583,22775,,,,,1.615119218826294,0.33130884170532227
583,22775,,,1.031591773033142,0.5409016013145447,,
584,22814,,,,,1.6187294721603394,0.3314674198627472
584,22814,,,1.0453479290008545,0.5218907594680786,,
585,22853,,,,,1.6257054805755615,0.32957062125205994
585,22853,,,1.0400038957595825,0.5414072871208191,,
586,22892,,,,,1.619231939315796,0.3282811641693115
586,22892,,,1.0261496305465698,0.5606123805046082,,
587,22931,,,,,1.623948335647583,0.327859103679657
587,22931,,,1.041934847831726,0.5285491347312927,,
588,22970,,,,,1.6264110803604126,0.32614436745643616
588,22970,,,1.0405502319335938,0.5407325029373169,,
589,23009,,,,,1.6304961442947388,0.32345402240753174
589,23009,,,1.029163122177124,0.552014172077179,,
590,23048,,,,,1.6250108480453491,0.32286396622657776
590,23048,,,1.0407192707061768,0.5237351059913635,,
591,23087,,,,,1.6242841482162476,0.32400187849998474
591,23087,,,1.0157583951950073,0.5495113730430603,,
592,23126,,,,,1.625824213027954,0.3212934136390686
592,23126,,,1.0578819513320923,0.548142671585083,,
593,23165,,,,,1.6254726648330688,0.32438915967941284
593,23165,,,1.0321751832962036,0.5449070334434509,,
594,23204,,,,,1.6338189840316772,0.3218664228916168
594,23204,,,1.0492597818374634,0.5502520203590393,,
595,23243,,,,,1.629418969154358,0.321660578250885
595,23243,,,1.0363211631774902,0.5436598658561707,,
596,23282,,,,,1.6333181858062744,0.31724995374679565
596,23282,,,1.05227530002594,0.5597552061080933,,
597,23321,,,,,1.6271220445632935,0.3169701099395752
597,23321,,,1.0600734949111938,0.5524887442588806,,
598,23360,,,,,1.6251325607299805,0.31858354806900024
598,23360,,,1.0551270246505737,0.5422702431678772,,
599,23399,,,,,1.6249408721923828,0.32060277462005615
599,23399,,,1.016998291015625,0.5422250032424927,,
600,23438,,,,,1.6289218664169312,0.3191511332988739
600,23438,,,1.0218013525009155,0.5338603258132935,,
601,23477,,,,,1.6295818090438843,0.31933775544166565
601,23477,,,1.0269811153411865,0.5402001738548279,,
602,23516,,,,,1.6326117515563965,0.3203818202018738
602,23516,,,1.0588629245758057,0.5449228286743164,,
603,23555,,,,,1.6223703622817993,0.3235037326812744
603,23555,,,1.0318323373794556,0.5620521903038025,,
604,23594,,,,,1.6264206171035767,0.3215155303478241
604,23594,,,1.0262612104415894,0.5422053933143616,,
605,23633,,,,,1.633013129234314,0.319630891084671
605,23633,,,1.041329264640808,0.530475914478302,,
606,23672,,,,,1.622188925743103,0.31985360383987427
606,23672,,,1.0338141918182373,0.5500372648239136,,
607,23711,,,,,1.624045968055725,0.3195511996746063
607,23711,,,1.029288411140442,0.557490885257721,,
608,23750,,,,,1.6271306276321411,0.31885167956352234
608,23750,,,1.0157248973846436,0.5567124485969543,,
609,23789,,,,,1.6288141012191772,0.3169167935848236
609,23789,,,1.0340360403060913,0.5577742457389832,,
610,23828,,,,,1.6362155675888062,0.3150479197502136
610,23828,,,1.0245283842086792,0.5552133917808533,,
611,23867,,,,,1.6285476684570312,0.31635135412216187
611,23867,,,1.0440614223480225,0.5526949763298035,,
612,23906,,,,,1.6342276334762573,0.3154415488243103
612,23906,,,1.0421382188796997,0.5547687411308289,,
613,23945,,,,,1.6295742988586426,0.318750262260437
613,23945,,,1.0432730913162231,0.47861412167549133,,
614,23984,,,,,1.6290398836135864,0.3195260763168335
614,23984,,,1.045896291732788,0.559945821762085,,
615,24023,,,,,1.6321074962615967,0.31880512833595276
615,24023,,,1.0206838846206665,0.5523700714111328,,
616,24062,,,,,1.6338101625442505,0.3150019347667694
616,24062,,,1.0059672594070435,0.558918297290802,,
617,24101,,,,,1.6302865743637085,0.3151477575302124
617,24101,,,1.033140778541565,0.49971404671669006,,
618,24140,,,,,1.623415470123291,0.3163125216960907
618,24140,,,1.0264512300491333,0.5601530075073242,,
619,24179,,,,,1.6278494596481323,0.3145342469215393
619,24179,,,1.043136477470398,0.5577691793441772,,
620,24218,,,,,1.635667324066162,0.3142857253551483
620,24218,,,1.0689340829849243,0.5369094014167786,,
621,24257,,,,,1.628859519958496,0.31680452823638916
621,24257,,,1.0404245853424072,0.5638335347175598,,
622,24296,,,,,1.6330252885818481,0.31584632396698
622,24296,,,1.0371836423873901,0.5489822626113892,,
623,24335,,,,,1.6262633800506592,0.3187001943588257
623,24335,,,1.0324788093566895,0.5699695944786072,,
624,24374,,,,,1.6316660642623901,0.3129805624485016
624,24374,,,1.010675072669983,0.548596203327179,,
625,24413,,,,,1.6264373064041138,0.31346380710601807
625,24413,,,1.04938542842865,0.5316026210784912,,
626,24452,,,,,1.625354290008545,0.31538110971450806
626,24452,,,1.034886121749878,0.5645947456359863,,
627,24491,,,,,1.6191539764404297,0.3183318078517914
627,24491,,,1.0260024070739746,0.5317087173461914,,
628,24530,,,,,1.6202284097671509,0.31889089941978455
628,24530,,,1.0274947881698608,0.5460238456726074,,
629,24569,,,,,1.632357120513916,0.3185773491859436
629,24569,,,1.0187045335769653,0.5607427954673767,,
630,24608,,,,,1.6323816776275635,0.31909608840942383
630,24608,,,1.0395020246505737,0.5516723394393921,,
631,24647,,,,,1.6162811517715454,0.3191952109336853
631,24647,,,1.0323983430862427,0.5862287878990173,,
632,24686,,,,,1.6160629987716675,0.3175573945045471
632,24686,,,1.024841070175171,0.5632494688034058,,
633,24725,,,,,1.630066990852356,0.31628522276878357
633,24725,,,1.0458911657333374,0.5306591391563416,,
634,24764,,,,,1.6344685554504395,0.31570419669151306
634,24764,,,1.0266788005828857,0.5628337264060974,,
635,24803,,,,,1.6243854761123657,0.31558501720428467
635,24803,,,1.0601872205734253,0.544084370136261,,
636,24842,,,,,1.6218584775924683,0.3169081211090088
636,24842,,,1.0606807470321655,0.5254381895065308,,
637,24881,,,,,1.6295902729034424,0.315046101808548
637,24881,,,1.003420352935791,0.5470243096351624,,
638,24920,,,,,1.6260318756103516,0.3170146942138672
638,24920,,,1.0516283512115479,0.5495962500572205,,
639,24959,,,,,1.631696105003357,0.3174680173397064
639,24959,,,1.0088427066802979,0.5169106125831604,,
640,24998,,,,,1.6271164417266846,0.31985121965408325
640,24998,,,1.0378789901733398,0.5672010779380798,,
641,25037,,,,,1.6329765319824219,0.31860294938087463
641,25037,,,1.0257707834243774,0.572490930557251,,
642,25076,,,,,1.6250135898590088,0.32031020522117615
642,25076,,,1.0369821786880493,0.5486672520637512,,
643,25115,,,,,1.6253058910369873,0.32172688841819763
643,25115,,,1.0306689739227295,0.4983581006526947,,
644,25154,,,,,1.6138368844985962,0.32359233498573303
644,25154,,,1.0208916664123535,0.5534725785255432,,
645,25193,,,,,1.6309232711791992,0.3204110860824585
645,25193,,,1.0366241931915283,0.5195857286453247,,
646,25232,,,,,1.6346728801727295,0.319464772939682
646,25232,,,1.0571558475494385,0.5873076319694519,,
647,25271,,,,,1.635085940361023,0.3174939453601837
647,25271,,,1.0631682872772217,0.5423436164855957,,
648,25310,,,,,1.6206039190292358,0.32095739245414734
648,25310,,,1.0182846784591675,0.5724634528160095,,
649,25349,,,,,1.6352972984313965,0.3147573173046112
649,25349,,,1.052608609199524,0.5259461998939514,,
650,25388,,,,,1.6255210638046265,0.31742849946022034
650,25388,,,1.0449349880218506,0.5497974753379822,,
651,25427,,,,,1.6354901790618896,0.31478351354599
651,25427,,,1.0568143129348755,0.5629565119743347,,
652,25466,,,,,1.6155503988265991,0.3240269422531128
652,25466,,,1.076214075088501,0.5806525945663452,,
653,25505,,,,,1.636466145515442,0.31918928027153015
653,25505,,,1.00603187084198,0.5675344467163086,,
654,25506,0.7423662543296814,0.3908439576625824,,,,
