epoch,step,test_loss,test_pcc,train_loss_epoch,train_pcc_epoch,val_loss,val_pcc
0,38,,,,,1.2734079360961914,-0.08650225400924683
0,38,,,4.354290962219238,0.008659705519676208,,
1,77,,,,,1.3800406455993652,0.025811828672885895
1,77,,,3.5491838455200195,0.10578227788209915,,
2,116,,,,,1.4044853448867798,0.17917616665363312
2,116,,,3.03975510597229,0.21893948316574097,,
3,155,,,,,1.3759210109710693,0.23681311309337616
3,155,,,3.0122506618499756,0.34632399678230286,,
4,194,,,,,1.3545480966567993,0.27378395199775696
4,194,,,2.857896327972412,0.38374513387680054,,
5,233,,,,,1.3522037267684937,0.2782653570175171
5,233,,,2.596770763397217,0.44935423135757446,,
6,272,,,,,1.538451910018921,0.30011841654777527
6,272,,,2.4803221225738525,0.46664658188819885,,
7,311,,,,,1.2426402568817139,0.3195807635784149
7,311,,,2.5368056297302246,0.49128258228302,,
8,350,,,,,1.379060983657837,0.33258625864982605
8,350,,,2.4397051334381104,0.49813833832740784,,
9,389,,,,,1.2908724546432495,0.34487131237983704
9,389,,,2.5631632804870605,0.5313904881477356,,
10,428,,,,,1.2748315334320068,0.35177385807037354
10,428,,,2.2627854347229004,0.5223300457000732,,
11,467,,,,,1.2879221439361572,0.3685815632343292
11,467,,,2.2913477420806885,0.5410638451576233,,
12,506,,,,,1.1731157302856445,0.37741315364837646
12,506,,,2.24680233001709,0.5473048090934753,,
13,545,,,,,1.41408371925354,0.3714038133621216
13,545,,,2.242262840270996,0.5717633366584778,,
14,584,,,,,1.2411160469055176,0.3792913854122162
14,584,,,2.2138006687164307,0.5674499869346619,,
15,623,,,,,1.2087019681930542,0.3945360481739044
15,623,,,2.234035015106201,0.6016550660133362,,
16,662,,,,,1.2088035345077515,0.39220157265663147
16,662,,,2.1537632942199707,0.583422064781189,,
17,701,,,,,1.0781641006469727,0.3983260691165924
17,701,,,2.146240711212158,0.5936414003372192,,
18,740,,,,,1.1032633781433105,0.41219475865364075
18,740,,,2.0128464698791504,0.6005081534385681,,
19,779,,,,,1.097925066947937,0.40540772676467896
19,779,,,2.0832765102386475,0.5929934978485107,,
20,818,,,,,1.0532399415969849,0.4086337089538574
20,818,,,2.0923447608947754,0.5982416868209839,,
21,857,,,,,1.0765196084976196,0.4275103509426117
21,857,,,1.995868444442749,0.6058603525161743,,
22,896,,,,,1.0417454242706299,0.4267882704734802
22,896,,,2.1382193565368652,0.6038375496864319,,
23,935,,,,,1.110614538192749,0.41696909070014954
23,935,,,1.912326693534851,0.6259981989860535,,
24,974,,,,,1.0431658029556274,0.41746821999549866
24,974,,,1.8970071077346802,0.6288449168205261,,
25,1013,,,,,1.106062650680542,0.3959711492061615
25,1013,,,2.029376983642578,0.6370548605918884,,
26,1052,,,,,1.0646467208862305,0.419601708650589
26,1052,,,2.107921600341797,0.6367228627204895,,
27,1091,,,,,1.0735114812850952,0.41657546162605286
27,1091,,,2.0538055896759033,0.6290012001991272,,
28,1130,,,,,1.0977758169174194,0.4275777339935303
28,1130,,,1.9658615589141846,0.6464447379112244,,
29,1169,,,,,1.0713143348693848,0.42341348528862
29,1169,,,2.008955717086792,0.6219434142112732,,
30,1208,,,,,0.9914753437042236,0.4398670494556427
30,1208,,,1.868135929107666,0.6323888897895813,,
31,1247,,,,,1.0219783782958984,0.4302971661090851
31,1247,,,1.8049428462982178,0.6359018087387085,,
32,1286,,,,,1.0749047994613647,0.42912471294403076
32,1286,,,1.8470669984817505,0.6437053680419922,,
33,1325,,,,,1.0957493782043457,0.43774309754371643
33,1325,,,1.9090640544891357,0.6465141177177429,,
34,1364,,,,,1.0629123449325562,0.4134238660335541
34,1364,,,1.9420193433761597,0.6611557602882385,,
35,1403,,,,,1.0348479747772217,0.4154326617717743
35,1403,,,1.8680880069732666,0.6509048342704773,,
36,1442,,,,,1.0172226428985596,0.43251708149909973
36,1442,,,1.93846595287323,0.6530591249465942,,
37,1481,,,,,1.025890827178955,0.43737104535102844
37,1481,,,1.7622225284576416,0.6644214987754822,,
38,1520,,,,,1.0190144777297974,0.41827815771102905
38,1520,,,1.8938672542572021,0.6581915616989136,,
39,1559,,,,,1.0618853569030762,0.4197337031364441
39,1559,,,1.8171981573104858,0.642762303352356,,
40,1598,,,,,1.0265921354293823,0.43580734729766846
40,1598,,,1.6516817808151245,0.6863312125205994,,
41,1637,,,,,1.0272903442382812,0.43643173575401306
41,1637,,,1.7786914110183716,0.6581861972808838,,
42,1676,,,,,1.0388160943984985,0.41820183396339417
42,1676,,,1.7420861721038818,0.6573666334152222,,
43,1715,,,,,1.046085000038147,0.4300672113895416
43,1715,,,1.8593215942382812,0.6754451394081116,,
44,1754,,,,,1.047079086303711,0.4232688844203949
44,1754,,,1.7818032503128052,0.6612647175788879,,
45,1793,,,,,1.0423078536987305,0.44035443663597107
45,1793,,,1.7118659019470215,0.6982066035270691,,
46,1832,,,,,1.0129939317703247,0.44374942779541016
46,1832,,,1.8004146814346313,0.6747596859931946,,
47,1871,,,,,1.0709062814712524,0.4257931709289551
47,1871,,,1.7574127912521362,0.6912965774536133,,
48,1910,,,,,1.0477076768875122,0.4247908294200897
48,1910,,,1.725734829902649,0.6920115351676941,,
49,1949,,,,,1.0295159816741943,0.4300824999809265
49,1949,,,1.612959384918213,0.6912793517112732,,
50,1988,,,,,1.0402332544326782,0.43536871671676636
50,1988,,,1.7222270965576172,0.6938114762306213,,
51,2027,,,,,1.089082956314087,0.43615198135375977
51,2027,,,1.6814029216766357,0.6905993223190308,,
52,2066,,,,,1.1082910299301147,0.4443039000034332
52,2066,,,1.72211492061615,0.6949066519737244,,
53,2105,,,,,1.0760539770126343,0.4289577901363373
53,2105,,,1.7660884857177734,0.6902239918708801,,
54,2144,,,,,1.0584489107131958,0.4196159243583679
54,2144,,,1.8095120191574097,0.7000051736831665,,
55,2183,,,,,1.0500437021255493,0.4139882028102875
55,2183,,,1.6036474704742432,0.6968492269515991,,
56,2222,,,,,1.0489400625228882,0.4238792061805725
56,2222,,,1.8273708820343018,0.6637168526649475,,
57,2261,,,,,1.056442379951477,0.43389570713043213
57,2261,,,1.6547658443450928,0.7101561427116394,,
58,2300,,,,,1.0176174640655518,0.42372533679008484
58,2300,,,1.7352404594421387,0.698043942451477,,
59,2339,,,,,1.0045920610427856,0.4416739046573639
59,2339,,,1.5938020944595337,0.7118681073188782,,
60,2378,,,,,1.009563684463501,0.43463096022605896
60,2378,,,1.6714965105056763,0.7138797640800476,,
61,2417,,,,,1.047123670578003,0.4296649694442749
61,2417,,,1.6833819150924683,0.7252305150032043,,
62,2456,,,,,1.0144647359848022,0.4376949965953827
62,2456,,,1.5407689809799194,0.718648374080658,,
63,2495,,,,,1.0204546451568604,0.431405246257782
63,2495,,,1.721280574798584,0.6953898072242737,,
64,2534,,,,,1.0176873207092285,0.43697065114974976
64,2534,,,1.6517767906188965,0.723922848701477,,
65,2573,,,,,1.0068631172180176,0.44309505820274353
65,2573,,,1.618578553199768,0.7158342003822327,,
66,2612,,,,,1.005974292755127,0.4451814889907837
66,2612,,,1.5552690029144287,0.7182913422584534,,
67,2651,,,,,1.0165060758590698,0.43892964720726013
67,2651,,,1.6436117887496948,0.7135569453239441,,
68,2690,,,,,1.001160740852356,0.4358418881893158
68,2690,,,1.5724908113479614,0.7187533974647522,,
69,2729,,,,,1.0007660388946533,0.4400298297405243
69,2729,,,1.48573637008667,0.7155887484550476,,
70,2768,,,,,0.9930039048194885,0.453538715839386
70,2768,,,1.645599365234375,0.7052541971206665,,
71,2807,,,,,0.9916722774505615,0.43941861391067505
71,2807,,,1.5921372175216675,0.7213934659957886,,
72,2846,,,,,0.9909834265708923,0.4400792717933655
72,2846,,,1.5460164546966553,0.7180795669555664,,
73,2885,,,,,1.02671217918396,0.43746066093444824
73,2885,,,1.5911954641342163,0.7221754789352417,,
74,2924,,,,,1.0324727296829224,0.4438393712043762
74,2924,,,1.5784730911254883,0.6999712586402893,,
75,2963,,,,,1.0099594593048096,0.4327138364315033
75,2963,,,1.4655945301055908,0.7239645719528198,,
76,3002,,,,,0.9900460243225098,0.4382965564727783
76,3002,,,1.4673596620559692,0.7384195327758789,,
77,3041,,,,,1.029162883758545,0.4172537326812744
77,3041,,,1.5364665985107422,0.7457908987998962,,
78,3080,,,,,1.0469785928726196,0.4127490818500519
78,3080,,,1.5513720512390137,0.7228347063064575,,
79,3119,,,,,1.0218247175216675,0.43346309661865234
79,3119,,,1.6030445098876953,0.7247231006622314,,
80,3158,,,,,1.02143132686615,0.4422031342983246
80,3158,,,1.3585013151168823,0.7350125908851624,,
81,3197,,,,,1.030845284461975,0.4460311830043793
81,3197,,,1.5357943773269653,0.7409296035766602,,
82,3236,,,,,1.0186301469802856,0.43800973892211914
82,3236,,,1.547961950302124,0.729618489742279,,
83,3275,,,,,1.0082391500473022,0.4467369318008423
83,3275,,,1.475710153579712,0.7504251003265381,,
84,3314,,,,,1.0254896879196167,0.44656386971473694
84,3314,,,1.541225552558899,0.7013429999351501,,
85,3353,,,,,1.007271409034729,0.4467741847038269
85,3353,,,1.5140695571899414,0.7143486738204956,,
86,3392,,,,,1.0342307090759277,0.4372304081916809
86,3392,,,1.4411247968673706,0.7273743748664856,,
87,3431,,,,,1.0069422721862793,0.4344739317893982
87,3431,,,1.4112201929092407,0.745957612991333,,
88,3470,,,,,1.0300288200378418,0.43049123883247375
88,3470,,,1.502870798110962,0.7343489527702332,,
89,3509,,,,,1.013279676437378,0.42933157086372375
89,3509,,,1.5467332601547241,0.7254911065101624,,
90,3548,,,,,0.9998365640640259,0.43315717577934265
90,3548,,,1.3034546375274658,0.7560824751853943,,
91,3587,,,,,1.0189791917800903,0.43007466197013855
91,3587,,,1.468784213066101,0.7411835789680481,,
92,3626,,,,,1.0057493448257446,0.43665850162506104
92,3626,,,1.457702398300171,0.7275790572166443,,
93,3665,,,,,1.0349557399749756,0.4344598054885864
93,3665,,,1.4644020795822144,0.7452752590179443,,
94,3704,,,,,1.0593812465667725,0.41401538252830505
94,3704,,,1.3698902130126953,0.7668970823287964,,
95,3743,,,,,1.0162230730056763,0.42620667815208435
95,3743,,,1.5514520406723022,0.723731279373169,,
96,3782,,,,,1.032088041305542,0.4359337091445923
96,3782,,,1.4877980947494507,0.7276929616928101,,
97,3821,,,,,0.9999673366546631,0.4387214481830597
97,3821,,,1.472974181175232,0.7259793281555176,,
98,3860,,,,,1.0199079513549805,0.4383573532104492
98,3860,,,1.284683108329773,0.7507887482643127,,
99,3899,,,,,1.0376604795455933,0.43547913432121277
99,3899,,,1.4938520193099976,0.7573765516281128,,
100,3938,,,,,0.9884867668151855,0.44569340348243713
100,3938,,,1.4877885580062866,0.7134112119674683,,
101,3977,,,,,0.9924307465553284,0.4413115978240967
101,3977,,,1.404398798942566,0.7422292232513428,,
102,4016,,,,,1.0180444717407227,0.4168327748775482
102,4016,,,1.5026174783706665,0.7454717755317688,,
103,4055,,,,,1.0544270277023315,0.423453688621521
103,4055,,,1.357187271118164,0.7577390670776367,,
104,4094,,,,,1.0099061727523804,0.4331308901309967
104,4094,,,1.4107139110565186,0.7527477741241455,,
105,4133,,,,,1.0431069135665894,0.4364335536956787
105,4133,,,1.34787118434906,0.7510467171669006,,
106,4172,,,,,0.9855757355690002,0.4501088261604309
106,4172,,,1.3202574253082275,0.7526870369911194,,
107,4211,,,,,1.0059270858764648,0.46130141615867615
107,4211,,,1.413448452949524,0.7456360459327698,,
108,4250,,,,,0.9784342050552368,0.4264790117740631
108,4250,,,1.5015511512756348,0.7321513891220093,,
109,4289,,,,,0.9964556097984314,0.4440779983997345
109,4289,,,1.3966858386993408,0.7513998746871948,,
110,4328,,,,,1.0209380388259888,0.4109518826007843
110,4328,,,1.4029179811477661,0.7579353451728821,,
111,4367,,,,,1.002313494682312,0.4230857193470001
111,4367,,,1.2936776876449585,0.760745644569397,,
112,4406,,,,,1.023849368095398,0.40766361355781555
112,4406,,,1.384203314781189,0.7496685981750488,,
113,4445,,,,,1.02145254611969,0.4180074632167816
113,4445,,,1.2713971138000488,0.7619824409484863,,
114,4484,,,,,0.9891167283058167,0.42555224895477295
114,4484,,,1.237708330154419,0.7690635919570923,,
115,4523,,,,,1.018446445465088,0.4026390314102173
115,4523,,,1.3434377908706665,0.7627663016319275,,
116,4562,,,,,1.0179837942123413,0.4162575304508209
116,4562,,,1.4253700971603394,0.7513387203216553,,
117,4601,,,,,0.9902822971343994,0.4355456829071045
117,4601,,,1.3870893716812134,0.7583936452865601,,
118,4640,,,,,1.0187541246414185,0.4234538972377777
118,4640,,,1.3906896114349365,0.7689414620399475,,
119,4679,,,,,1.0091242790222168,0.4225602149963379
119,4679,,,1.375354528427124,0.7673931121826172,,
120,4718,,,,,0.9969245791435242,0.43026483058929443
120,4718,,,1.2305715084075928,0.7747777700424194,,
121,4757,,,,,0.986386775970459,0.44754916429519653
121,4757,,,1.2523468732833862,0.7674306631088257,,
122,4796,,,,,0.9717859625816345,0.4413260221481323
122,4796,,,1.3679101467132568,0.7582771182060242,,
123,4835,,,,,0.9880446791648865,0.4338187873363495
123,4835,,,1.3313616514205933,0.76432204246521,,
124,4874,,,,,0.9972134232521057,0.4254685938358307
124,4874,,,1.4728063344955444,0.7461021542549133,,
125,4913,,,,,0.997637927532196,0.4469781816005707
125,4913,,,1.3522727489471436,0.7775400876998901,,
126,4952,,,,,0.981383740901947,0.45001500844955444
126,4952,,,1.3977627754211426,0.750532865524292,,
127,4991,,,,,0.9949240684509277,0.44506514072418213
127,4991,,,1.2933722734451294,0.7746360898017883,,
128,5030,,,,,1.0048136711120605,0.4235003590583801
128,5030,,,1.337669014930725,0.7708988785743713,,
129,5069,,,,,1.0079090595245361,0.4284374713897705
129,5069,,,1.3242437839508057,0.7644082903862,,
130,5108,,,,,1.0174546241760254,0.4491836726665497
130,5108,,,1.3518646955490112,0.7665719985961914,,
131,5147,,,,,0.993857741355896,0.44466638565063477
131,5147,,,1.2770617008209229,0.7689546942710876,,
132,5186,,,,,1.0181143283843994,0.40979114174842834
132,5186,,,1.3543493747711182,0.7675157189369202,,
133,5225,,,,,0.9851570129394531,0.44118064641952515
133,5225,,,1.3489938974380493,0.7694721817970276,,
134,5264,,,,,1.0144243240356445,0.43923187255859375
134,5264,,,1.326533317565918,0.7675073742866516,,
135,5303,,,,,0.9880909323692322,0.4455954432487488
135,5303,,,1.337336778640747,0.7575791478157043,,
136,5342,,,,,0.9771766662597656,0.4523444175720215
136,5342,,,1.3182765245437622,0.7538229823112488,,
137,5381,,,,,0.9796180129051208,0.44278484582901
137,5381,,,1.3127906322479248,0.7868179678916931,,
138,5420,,,,,0.9999905824661255,0.4285760521888733
138,5420,,,1.1771599054336548,0.7976279854774475,,
139,5459,,,,,0.990688145160675,0.436116099357605
139,5459,,,1.3103859424591064,0.7859264016151428,,
140,5498,,,,,0.9716113805770874,0.4423433840274811
140,5498,,,1.2358862161636353,0.7758987545967102,,
141,5537,,,,,0.9918007850646973,0.43717822432518005
141,5537,,,1.2884024381637573,0.7768133878707886,,
142,5576,,,,,0.9877788424491882,0.45123985409736633
142,5576,,,1.3028104305267334,0.786846935749054,,
143,5615,,,,,0.9944729208946228,0.45197877287864685
143,5615,,,1.2794318199157715,0.7585976123809814,,
144,5654,,,,,0.9912442564964294,0.4402787387371063
144,5654,,,1.183631181716919,0.7636454105377197,,
145,5693,,,,,0.9987227320671082,0.43958041071891785
145,5693,,,1.3009610176086426,0.7856168746948242,,
146,5732,,,,,1.0043848752975464,0.4291415214538574
146,5732,,,1.2069555521011353,0.775422990322113,,
147,5771,,,,,1.0078221559524536,0.43270713090896606
147,5771,,,1.2225335836410522,0.7769268751144409,,
148,5810,,,,,1.0102585554122925,0.4237842559814453
148,5810,,,1.3179582357406616,0.7650448083877563,,
149,5849,,,,,1.0257419347763062,0.4025793969631195
149,5849,,,1.3436769247055054,0.777329683303833,,
150,5888,,,,,1.0218242406845093,0.4071348309516907
150,5888,,,1.3274000883102417,0.7943781614303589,,
151,5927,,,,,1.0273196697235107,0.3956931233406067
151,5927,,,1.2723538875579834,0.7912595272064209,,
152,5966,,,,,1.032339096069336,0.40485724806785583
152,5966,,,1.2004735469818115,0.7910010814666748,,
153,6005,,,,,1.0297331809997559,0.40797924995422363
153,6005,,,1.1919974088668823,0.7776765823364258,,
154,6044,,,,,1.0518618822097778,0.4075748920440674
154,6044,,,1.3344863653182983,0.7942529916763306,,
155,6083,,,,,1.0144784450531006,0.412053644657135
155,6083,,,1.1914135217666626,0.7840913534164429,,
156,6122,,,,,1.0251705646514893,0.41165414452552795
156,6122,,,1.2938001155853271,0.7928938269615173,,
157,6161,,,,,1.0116033554077148,0.4205479919910431
157,6161,,,1.3149068355560303,0.774022102355957,,
158,6200,,,,,1.0295048952102661,0.42238011956214905
158,6200,,,1.213848352432251,0.7856261134147644,,
159,6239,,,,,0.99626225233078,0.4185904562473297
159,6239,,,1.2938469648361206,0.7704153656959534,,
160,6278,,,,,1.0188249349594116,0.4131462574005127
160,6278,,,1.2468109130859375,0.7762119174003601,,
161,6317,,,,,1.0283788442611694,0.4372781813144684
161,6317,,,1.2194494009017944,0.8010398745536804,,
162,6356,,,,,1.0317156314849854,0.42103275656700134
162,6356,,,1.3168859481811523,0.7721289396286011,,
163,6395,,,,,1.0235657691955566,0.42411667108535767
163,6395,,,1.112339973449707,0.7932404279708862,,
164,6434,,,,,1.0486279726028442,0.392636239528656
164,6434,,,1.227942943572998,0.7842571139335632,,
165,6473,,,,,1.0257631540298462,0.3920968472957611
165,6473,,,1.2486069202423096,0.7691561579704285,,
166,6512,,,,,1.036967158317566,0.39722853899002075
166,6512,,,1.2073748111724854,0.780852735042572,,
167,6551,,,,,1.09587562084198,0.41352465748786926
167,6551,,,1.1042330265045166,0.8154868483543396,,
168,6590,,,,,1.0285078287124634,0.4003494679927826
168,6590,,,1.1833654642105103,0.792792022228241,,
169,6629,,,,,1.0502264499664307,0.3983418345451355
169,6629,,,1.135722279548645,0.7986805438995361,,
170,6668,,,,,1.0279598236083984,0.4109020233154297
170,6668,,,1.1139670610427856,0.8084853887557983,,
171,6707,,,,,1.0343024730682373,0.40191471576690674
171,6707,,,1.1791993379592896,0.7801961898803711,,
172,6746,,,,,1.0569041967391968,0.3872753381729126
172,6746,,,1.182007908821106,0.7891189455986023,,
173,6785,,,,,1.0567958354949951,0.4051286578178406
173,6785,,,1.1070877313613892,0.802681565284729,,
174,6824,,,,,1.0492080450057983,0.3967922031879425
174,6824,,,1.1755750179290771,0.7946529388427734,,
175,6863,,,,,1.0572997331619263,0.3806655704975128
175,6863,,,1.1666380167007446,0.8044863939285278,,
176,6902,,,,,1.0993494987487793,0.3922863304615021
176,6902,,,1.2152296304702759,0.7982140779495239,,
177,6941,,,,,1.0504120588302612,0.40066203474998474
177,6941,,,1.165972352027893,0.7805894017219543,,
178,6980,,,,,1.066503882408142,0.404827743768692
178,6980,,,1.1534039974212646,0.8021179437637329,,
179,7019,,,,,1.0689401626586914,0.4017193019390106
179,7019,,,1.143095850944519,0.8018683791160583,,
180,7058,,,,,1.034518837928772,0.39384379982948303
180,7058,,,1.1423484086990356,0.8027799129486084,,
181,7097,,,,,1.0447559356689453,0.384140282869339
181,7097,,,1.1765291690826416,0.7790534496307373,,
182,7136,,,,,1.0553799867630005,0.3899717628955841
182,7136,,,1.1137937307357788,0.8106256723403931,,
183,7175,,,,,1.0616695880889893,0.3886840343475342
183,7175,,,1.1025062799453735,0.8041592836380005,,
184,7214,,,,,1.0553005933761597,0.39478614926338196
184,7214,,,1.1623187065124512,0.7896833419799805,,
185,7253,,,,,1.0589905977249146,0.3928670287132263
185,7253,,,1.1913714408874512,0.7899345755577087,,
186,7292,,,,,1.0639307498931885,0.38593268394470215
186,7292,,,1.2066028118133545,0.8000927567481995,,
187,7331,,,,,1.0612578392028809,0.3987535834312439
187,7331,,,1.1672168970108032,0.8061600923538208,,
188,7370,,,,,1.0630923509597778,0.3795221745967865
188,7370,,,1.0989254713058472,0.7981812357902527,,
189,7409,,,,,1.0462509393692017,0.3989008665084839
189,7409,,,1.1080641746520996,0.799271285533905,,
190,7448,,,,,1.080767273902893,0.40645381808280945
190,7448,,,1.1700513362884521,0.8044146299362183,,
191,7487,,,,,1.0922954082489014,0.3805595338344574
191,7487,,,1.1420966386795044,0.8024769425392151,,
192,7526,,,,,1.0828672647476196,0.3626028299331665
192,7526,,,1.0759533643722534,0.822179913520813,,
193,7565,,,,,1.0776675939559937,0.3679037392139435
193,7565,,,1.0543057918548584,0.8151862025260925,,
194,7604,,,,,1.0455176830291748,0.39294183254241943
194,7604,,,1.1721068620681763,0.7877963781356812,,
195,7643,,,,,1.073222041130066,0.38294968008995056
195,7643,,,1.146322250366211,0.8048994541168213,,
196,7682,,,,,1.0706599950790405,0.369229793548584
196,7682,,,1.2077085971832275,0.7878093719482422,,
197,7721,,,,,1.1021764278411865,0.3814278244972229
197,7721,,,1.0964990854263306,0.7984558939933777,,
198,7760,,,,,1.0641205310821533,0.39030247926712036
198,7760,,,1.0132472515106201,0.8055214881896973,,
199,7799,,,,,1.1188957691192627,0.3790595233440399
199,7799,,,1.1118838787078857,0.8199546933174133,,
200,7838,,,,,1.1001410484313965,0.38210150599479675
200,7838,,,1.1457860469818115,0.8017143607139587,,
201,7877,,,,,1.0977492332458496,0.3707738220691681
201,7877,,,1.0975372791290283,0.8162137269973755,,
202,7916,,,,,1.0753569602966309,0.3752673864364624
202,7916,,,1.1417123079299927,0.7836838364601135,,
203,7955,,,,,1.0688527822494507,0.40171611309051514
203,7955,,,1.132861852645874,0.8011209964752197,,
204,7994,,,,,1.0660768747329712,0.4053700566291809
204,7994,,,1.111175775527954,0.8174503445625305,,
205,8033,,,,,1.0590342283248901,0.40689465403556824
205,8033,,,1.0984655618667603,0.8145018219947815,,
206,8072,,,,,1.0442173480987549,0.4132779836654663
206,8072,,,1.0438127517700195,0.8042078614234924,,
207,8111,,,,,1.076806664466858,0.40736061334609985
207,8111,,,1.1120526790618896,0.8143207430839539,,
208,8150,,,,,1.06032395362854,0.37018251419067383
208,8150,,,1.153767466545105,0.8049466609954834,,
209,8189,,,,,1.088512659072876,0.37171101570129395
209,8189,,,1.0586929321289062,0.8114965558052063,,
210,8228,,,,,1.0677809715270996,0.3861192464828491
210,8228,,,1.1046998500823975,0.8092201352119446,,
211,8267,,,,,1.07784903049469,0.3881062865257263
211,8267,,,1.0860328674316406,0.800621509552002,,
212,8306,,,,,1.09864342212677,0.3821450173854828
212,8306,,,1.0590314865112305,0.7991136312484741,,
213,8345,,,,,1.1071596145629883,0.3840864300727844
213,8345,,,1.2338532209396362,0.7793357968330383,,
214,8384,,,,,1.0892125368118286,0.3872702419757843
214,8384,,,1.0509059429168701,0.8098210096359253,,
215,8423,,,,,1.1205148696899414,0.3782099783420563
215,8423,,,1.11641526222229,0.8129947781562805,,
216,8462,,,,,1.0920417308807373,0.3920786678791046
216,8462,,,1.146668791770935,0.7983079552650452,,
217,8501,,,,,1.0594922304153442,0.41228532791137695
217,8501,,,1.0864753723144531,0.8121798634529114,,
218,8540,,,,,1.0883631706237793,0.3817637860774994
218,8540,,,1.0907896757125854,0.8023504018783569,,
219,8579,,,,,1.0731697082519531,0.3976953625679016
219,8579,,,1.2017098665237427,0.7865517735481262,,
220,8618,,,,,1.0849543809890747,0.36862534284591675
220,8618,,,1.0817025899887085,0.8066061735153198,,
221,8657,,,,,1.1034859418869019,0.39011138677597046
221,8657,,,1.085190773010254,0.8287662863731384,,
222,8696,,,,,1.074255108833313,0.3739270567893982
222,8696,,,1.092909812927246,0.7963266372680664,,
223,8735,,,,,1.1054069995880127,0.37144672870635986
223,8735,,,1.1473503112792969,0.8200949430465698,,
224,8774,,,,,1.125689148902893,0.3692970871925354
224,8774,,,1.0989453792572021,0.7934485673904419,,
225,8813,,,,,1.1064388751983643,0.3773369789123535
225,8813,,,1.0067744255065918,0.82386714220047,,
226,8852,,,,,1.0715076923370361,0.35757163166999817
226,8852,,,1.0773390531539917,0.8234483599662781,,
227,8891,,,,,1.1000162363052368,0.3743133842945099
227,8891,,,1.127119779586792,0.8200522065162659,,
228,8930,,,,,1.0929123163223267,0.3840639591217041
228,8930,,,1.0338306427001953,0.8187380433082581,,
229,8969,,,,,1.0900448560714722,0.38163504004478455
229,8969,,,1.0881421566009521,0.8075708150863647,,
230,9008,,,,,1.1001590490341187,0.3808337152004242
230,9008,,,1.0828462839126587,0.8070183992385864,,
231,9047,,,,,1.1112054586410522,0.37063848972320557
231,9047,,,1.0041333436965942,0.831052839756012,,
232,9086,,,,,1.0999348163604736,0.36265671253204346
232,9086,,,1.0828866958618164,0.8230990767478943,,
233,9125,,,,,1.1282519102096558,0.3377768397331238
233,9125,,,0.9314764142036438,0.8317258954048157,,
234,9164,,,,,1.1324334144592285,0.3390580117702484
234,9164,,,1.046242117881775,0.8199529647827148,,
235,9203,,,,,1.0933655500411987,0.3519299030303955
235,9203,,,1.1533499956130981,0.7951077222824097,,
236,9242,,,,,1.1033318042755127,0.3577969968318939
236,9242,,,1.0638893842697144,0.820259690284729,,
237,9281,,,,,1.1749876737594604,0.3577958047389984
237,9281,,,1.1151994466781616,0.8294346332550049,,
238,9320,,,,,1.1565570831298828,0.3357882499694824
238,9320,,,0.998720109462738,0.8150513172149658,,
239,9359,,,,,1.2093008756637573,0.35571718215942383
239,9359,,,1.0838143825531006,0.8217729330062866,,
240,9398,,,,,1.1367027759552002,0.3768967390060425
240,9398,,,1.086880087852478,0.8108305931091309,,
241,9437,,,,,1.1085309982299805,0.355429470539093
241,9437,,,1.0611087083816528,0.8256091475486755,,
242,9476,,,,,1.1048438549041748,0.3695727586746216
242,9476,,,0.9780420064926147,0.807527482509613,,
243,9515,,,,,1.1032150983810425,0.3787006735801697
243,9515,,,1.1252574920654297,0.811158299446106,,
244,9554,,,,,1.1033838987350464,0.35337767004966736
244,9554,,,1.0398790836334229,0.8246031403541565,,
245,9593,,,,,1.1128336191177368,0.35536760091781616
245,9593,,,1.0824999809265137,0.8092706799507141,,
246,9632,,,,,1.1482971906661987,0.3375081419944763
246,9632,,,1.0088251829147339,0.8340033292770386,,
247,9671,,,,,1.1255035400390625,0.36001867055892944
247,9671,,,0.9861563444137573,0.8311305046081543,,
248,9710,,,,,1.1205896139144897,0.35216811299324036
248,9710,,,1.0426855087280273,0.8131448030471802,,
249,9749,,,,,1.1463032960891724,0.3391187787055969
249,9749,,,0.9803282618522644,0.8320597410202026,,
250,9788,,,,,1.0983628034591675,0.35980188846588135
250,9788,,,1.1530946493148804,0.798934280872345,,
251,9827,,,,,1.1620395183563232,0.36007753014564514
251,9827,,,1.0141226053237915,0.8269715905189514,,
252,9866,,,,,1.1330187320709229,0.35128888487815857
252,9866,,,1.073094367980957,0.818783164024353,,
253,9905,,,,,1.1138570308685303,0.340218186378479
253,9905,,,0.9819875955581665,0.8178603053092957,,
254,9944,,,,,1.1708248853683472,0.35019201040267944
254,9944,,,1.0514360666275024,0.8295370936393738,,
255,9983,,,,,1.1458359956741333,0.3514103889465332
255,9983,,,1.026631474494934,0.8355622887611389,,
256,10022,,,,,1.1127676963806152,0.37573185563087463
256,10022,,,1.0670092105865479,0.819371223449707,,
257,10061,,,,,1.1407252550125122,0.3659364581108093
257,10061,,,1.04306161403656,0.8180984854698181,,
258,10100,,,,,1.1245566606521606,0.3563462793827057
258,10100,,,1.0341249704360962,0.8301036357879639,,
259,10139,,,,,1.111609697341919,0.35764575004577637
259,10139,,,1.0324327945709229,0.829949676990509,,
260,10178,,,,,1.1440649032592773,0.3607991933822632
260,10178,,,1.0683846473693848,0.8001335859298706,,
261,10217,,,,,1.1221345663070679,0.35798272490501404
261,10217,,,1.0758785009384155,0.8164992928504944,,
262,10256,,,,,1.128892183303833,0.3509834408760071
262,10256,,,1.1424416303634644,0.7947863340377808,,
263,10295,,,,,1.1521652936935425,0.34445640444755554
263,10295,,,1.076903223991394,0.800807535648346,,
264,10334,,,,,1.164851188659668,0.34432196617126465
264,10334,,,1.0031975507736206,0.8330798149108887,,
265,10373,,,,,1.1319729089736938,0.3615341782569885
265,10373,,,0.8910136818885803,0.8430780172348022,,
266,10412,,,,,1.1391786336898804,0.35841691493988037
266,10412,,,0.9427533149719238,0.8353034853935242,,
267,10451,,,,,1.180005431175232,0.35596150159835815
267,10451,,,1.0367118120193481,0.835945725440979,,
268,10490,,,,,1.187132477760315,0.3588836193084717
268,10490,,,1.0489028692245483,0.8157080411911011,,
269,10529,,,,,1.1858818531036377,0.3485654592514038
269,10529,,,1.0553948879241943,0.8178836703300476,,
270,10568,,,,,1.1470383405685425,0.34498536586761475
270,10568,,,0.9927258491516113,0.8222029209136963,,
271,10607,,,,,1.131964087486267,0.3435591757297516
271,10607,,,0.9315615892410278,0.835726797580719,,
272,10646,,,,,1.2185230255126953,0.33446255326271057
272,10646,,,1.0078039169311523,0.8223068118095398,,
273,10685,,,,,1.1722133159637451,0.32512524724006653
273,10685,,,1.048397421836853,0.8310989737510681,,
274,10724,,,,,1.1740697622299194,0.36125805974006653
274,10724,,,1.0434015989303589,0.8158246278762817,,
275,10763,,,,,1.145066261291504,0.34805914759635925
275,10763,,,0.9091885089874268,0.829596221446991,,
276,10802,,,,,1.131504774093628,0.3419113755226135
276,10802,,,0.9302830100059509,0.8414238095283508,,
277,10841,,,,,1.1682006120681763,0.3145005404949188
277,10841,,,1.0286874771118164,0.8189837336540222,,
278,10880,,,,,1.1841180324554443,0.3228822946548462
278,10880,,,1.056387186050415,0.82846999168396,,
279,10919,,,,,1.1421092748641968,0.3591306805610657
279,10919,,,0.9552330374717712,0.8198394775390625,,
280,10958,,,,,1.1671041250228882,0.34566277265548706
280,10958,,,0.9543750286102295,0.833591639995575,,
281,10997,,,,,1.1869980096817017,0.3513558506965637
281,10997,,,1.0873661041259766,0.8109771013259888,,
282,11036,,,,,1.1686317920684814,0.3422446846961975
282,11036,,,1.1050618886947632,0.8161320686340332,,
283,11075,,,,,1.1826659440994263,0.31714141368865967
283,11075,,,1.011588215827942,0.826770007610321,,
284,11114,,,,,1.1931296586990356,0.35213345289230347
284,11114,,,0.9722613096237183,0.8243003487586975,,
285,11153,,,,,1.1328212022781372,0.353018581867218
285,11153,,,0.9958763122558594,0.8132420182228088,,
286,11192,,,,,1.1698552370071411,0.33872511982917786
286,11192,,,1.0411635637283325,0.8350837826728821,,
287,11231,,,,,1.122300624847412,0.34454473853111267
287,11231,,,1.0242758989334106,0.8187289834022522,,
288,11270,,,,,1.1857835054397583,0.35310280323028564
288,11270,,,0.942517101764679,0.842602550983429,,
289,11309,,,,,1.1613832712173462,0.35011643171310425
289,11309,,,0.9873226881027222,0.8267121911048889,,
290,11348,,,,,1.1867635250091553,0.32922056317329407
290,11348,,,0.9398571848869324,0.8393310308456421,,
291,11387,,,,,1.1880011558532715,0.34327268600463867
291,11387,,,0.9960432052612305,0.8321844339370728,,
292,11426,,,,,1.1668035984039307,0.3382827341556549
292,11426,,,1.020509123802185,0.809393048286438,,
293,11465,,,,,1.1969443559646606,0.3252345621585846
293,11465,,,0.9642052054405212,0.8376388549804688,,
294,11504,,,,,1.2096909284591675,0.3230346739292145
294,11504,,,0.9498291015625,0.8263145685195923,,
295,11543,,,,,1.1459213495254517,0.3311467170715332
295,11543,,,0.9484310746192932,0.8164348006248474,,
296,11582,,,,,1.15505051612854,0.33840039372444153
296,11582,,,0.9524575471878052,0.83221834897995,,
297,11621,,,,,1.1505380868911743,0.3394501507282257
297,11621,,,0.9458112716674805,0.8393740653991699,,
298,11660,,,,,1.1899526119232178,0.3378324806690216
298,11660,,,0.894423246383667,0.8399380445480347,,
299,11699,,,,,1.2074226140975952,0.33013519644737244
299,11699,,,1.0168952941894531,0.8272057771682739,,
300,11738,,,,,1.2108392715454102,0.33447182178497314
300,11738,,,0.9505884051322937,0.8448389768600464,,
301,11777,,,,,1.1986711025238037,0.3387736678123474
301,11777,,,0.980546236038208,0.8326130509376526,,
302,11816,,,,,1.1557378768920898,0.3326139450073242
302,11816,,,0.9859573245048523,0.819299578666687,,
303,11855,,,,,1.1216144561767578,0.3405645787715912
303,11855,,,1.044327974319458,0.831960916519165,,
304,11894,,,,,1.152390956878662,0.32644861936569214
304,11894,,,0.9666290283203125,0.8209637403488159,,
305,11933,,,,,1.148024559020996,0.32428184151649475
305,11933,,,0.9977645874023438,0.8327935338020325,,
306,11972,,,,,1.1792023181915283,0.32547542452812195
306,11972,,,1.024648666381836,0.8220072984695435,,
307,12011,,,,,1.2153319120407104,0.3228056728839874
307,12011,,,0.986314058303833,0.8289247155189514,,
308,12050,,,,,1.178001046180725,0.3252496123313904
308,12050,,,0.9895676970481873,0.8302735686302185,,
309,12089,,,,,1.1357324123382568,0.31815165281295776
309,12089,,,0.9567663669586182,0.8317707777023315,,
310,12128,,,,,1.2026373147964478,0.32306405901908875
310,12128,,,0.9724574089050293,0.8305520415306091,,
311,12167,,,,,1.2395795583724976,0.30892136693000793
311,12167,,,0.9371122717857361,0.8276965022087097,,
312,12206,,,,,1.198211908340454,0.3148009777069092
312,12206,,,0.9914042949676514,0.837705671787262,,
313,12245,,,,,1.1993125677108765,0.31362679600715637
313,12245,,,0.9431445598602295,0.8475598096847534,,
314,12284,,,,,1.1746482849121094,0.32112279534339905
314,12284,,,0.9525126814842224,0.8370423913002014,,
315,12323,,,,,1.1723695993423462,0.34120798110961914
315,12323,,,1.0076853036880493,0.8153406977653503,,
316,12362,,,,,1.169655203819275,0.33190861344337463
316,12362,,,0.9893519282341003,0.8251290917396545,,
317,12401,,,,,1.1723251342773438,0.34971901774406433
317,12401,,,1.0506091117858887,0.8329693675041199,,
318,12440,,,,,1.205361247062683,0.3249545097351074
318,12440,,,0.9285708665847778,0.8438087701797485,,
319,12479,,,,,1.1864233016967773,0.3315356969833374
319,12479,,,1.0303058624267578,0.8187187314033508,,
320,12518,,,,,1.124428629875183,0.3347421884536743
320,12518,,,0.9228459596633911,0.831674337387085,,
321,12557,,,,,1.1536122560501099,0.32826822996139526
321,12557,,,0.9807553291320801,0.8257904052734375,,
322,12596,,,,,1.1563266515731812,0.3283381462097168
322,12596,,,0.9609397649765015,0.8286152482032776,,
323,12635,,,,,1.2244815826416016,0.33811551332473755
323,12635,,,1.0129282474517822,0.8160667419433594,,
324,12674,,,,,1.2207039594650269,0.3185725808143616
324,12674,,,0.9582204818725586,0.8349316120147705,,
325,12713,,,,,1.1910701990127563,0.32356172800064087
325,12713,,,0.9817541837692261,0.8298750519752502,,
326,12752,,,,,1.187958836555481,0.3118928372859955
326,12752,,,0.9271653294563293,0.8433593511581421,,
327,12791,,,,,1.1886799335479736,0.3307512402534485
327,12791,,,0.9237715601921082,0.8403492569923401,,
328,12830,,,,,1.198472261428833,0.32797107100486755
328,12830,,,0.9105678200721741,0.8494100570678711,,
329,12869,,,,,1.2048664093017578,0.3116629123687744
329,12869,,,0.944901168346405,0.8314492702484131,,
330,12908,,,,,1.2062915563583374,0.32428571581840515
330,12908,,,0.9278761148452759,0.8464149832725525,,
331,12947,,,,,1.1837152242660522,0.3304605782032013
331,12947,,,0.9064450263977051,0.852034330368042,,
332,12986,,,,,1.170192003250122,0.3147971034049988
332,12986,,,0.9615974426269531,0.8413034081459045,,
333,13025,,,,,1.2366716861724854,0.33279889822006226
333,13025,,,0.8081437349319458,0.8681867718696594,,
334,13064,,,,,1.249097228050232,0.32491132616996765
334,13064,,,0.934977114200592,0.8434823751449585,,
335,13103,,,,,1.220509648323059,0.31168675422668457
335,13103,,,0.9289075136184692,0.8355874419212341,,
336,13142,,,,,1.232146978378296,0.30854499340057373
336,13142,,,0.9148176908493042,0.8410560488700867,,
337,13181,,,,,1.2099251747131348,0.2967573404312134
337,13181,,,0.9512449502944946,0.8248469233512878,,
338,13220,,,,,1.1687839031219482,0.32816898822784424
338,13220,,,0.8815560936927795,0.8476222157478333,,
339,13259,,,,,1.2278412580490112,0.31844377517700195
339,13259,,,0.8581650853157043,0.8523904085159302,,
340,13298,,,,,1.2247599363327026,0.3051515817642212
340,13298,,,0.9092125296592712,0.830375075340271,,
341,13337,,,,,1.1761530637741089,0.3151789605617523
341,13337,,,0.8957186937332153,0.834848165512085,,
342,13376,,,,,1.2061282396316528,0.3244530260562897
342,13376,,,0.9473941326141357,0.837544858455658,,
343,13415,,,,,1.2075637578964233,0.31390732526779175
343,13415,,,0.9335482716560364,0.8302379250526428,,
344,13454,,,,,1.1969170570373535,0.32302480936050415
344,13454,,,0.9931946992874146,0.8207404017448425,,
345,13493,,,,,1.2103266716003418,0.3421263098716736
345,13493,,,0.8682487607002258,0.8405339121818542,,
346,13532,,,,,1.1694194078445435,0.3193826675415039
346,13532,,,0.9830503463745117,0.8192728161811829,,
347,13571,,,,,1.22855544090271,0.31495922803878784
347,13571,,,0.9247248768806458,0.854607880115509,,
348,13610,,,,,1.2141802310943604,0.312915176153183
348,13610,,,0.919268012046814,0.8380694389343262,,
349,13649,,,,,1.1837481260299683,0.34069013595581055
349,13649,,,0.9129782319068909,0.8376988172531128,,
350,13688,,,,,1.1693801879882812,0.34850627183914185
350,13688,,,0.9364038109779358,0.8305702209472656,,
351,13727,,,,,1.153856873512268,0.3516089618206024
351,13727,,,0.9073362946510315,0.8390177488327026,,
352,13766,,,,,1.1508876085281372,0.35162898898124695
352,13766,,,0.9043957591056824,0.8224841356277466,,
353,13805,,,,,1.1794662475585938,0.3428226709365845
353,13805,,,0.946294367313385,0.8318172097206116,,
354,13844,,,,,1.1572988033294678,0.35021257400512695
354,13844,,,0.9169943332672119,0.8563694357872009,,
355,13883,,,,,1.2280794382095337,0.3498397469520569
355,13883,,,0.9205302000045776,0.849320650100708,,
356,13922,,,,,1.2135682106018066,0.3488558828830719
356,13922,,,0.9421955943107605,0.845566987991333,,
357,13961,,,,,1.1870044469833374,0.3392368257045746
357,13961,,,0.9842808842658997,0.8389014005661011,,
358,14000,,,,,1.184823989868164,0.33233824372291565
358,14000,,,0.8760023713111877,0.8325785994529724,,
359,14039,,,,,1.189465880393982,0.31226933002471924
359,14039,,,0.8754070997238159,0.8469014167785645,,
360,14078,,,,,1.1698276996612549,0.3095095753669739
360,14078,,,0.9489085078239441,0.8330105543136597,,
361,14117,,,,,1.1672167778015137,0.33443543314933777
361,14117,,,0.9246821403503418,0.8420118689537048,,
362,14156,,,,,1.1265212297439575,0.3491022288799286
362,14156,,,0.9292892813682556,0.8339573740959167,,
363,14195,,,,,1.1874953508377075,0.33679094910621643
363,14195,,,0.9686094522476196,0.8541766405105591,,
364,14234,,,,,1.2180297374725342,0.31955400109291077
364,14234,,,0.9020755290985107,0.8529819846153259,,
365,14273,,,,,1.2034173011779785,0.3269426226615906
365,14273,,,0.8675960898399353,0.8436993360519409,,
366,14312,,,,,1.1908674240112305,0.3389974534511566
366,14312,,,0.8890171647071838,0.8550488352775574,,
367,14351,,,,,1.190420389175415,0.34101051092147827
367,14351,,,1.005650281906128,0.8234278559684753,,
368,14390,,,,,1.2057932615280151,0.3242299556732178
368,14390,,,0.9024665951728821,0.8402766585350037,,
369,14429,,,,,1.2119224071502686,0.32755497097969055
369,14429,,,0.9282334446907043,0.8439411520957947,,
370,14468,,,,,1.1654258966445923,0.3184778094291687
370,14468,,,0.8876173496246338,0.8457440137863159,,
371,14507,,,,,1.1753520965576172,0.3181817829608917
371,14507,,,0.9103840589523315,0.8468649387359619,,
372,14546,,,,,1.1841942071914673,0.31031060218811035
372,14546,,,0.9337080717086792,0.8442872762680054,,
373,14585,,,,,1.1770823001861572,0.32554659247398376
373,14585,,,0.9150629043579102,0.8447064161300659,,
374,14624,,,,,1.2453906536102295,0.32028165459632874
374,14624,,,0.8284153342247009,0.8474908471107483,,
375,14663,,,,,1.2293956279754639,0.3159400224685669
375,14663,,,0.9299024939537048,0.8506194949150085,,
376,14702,,,,,1.2568397521972656,0.3329763114452362
376,14702,,,0.7919798493385315,0.8620103001594543,,
377,14741,,,,,1.2255747318267822,0.3105418086051941
377,14741,,,0.8829850554466248,0.8338507413864136,,
378,14780,,,,,1.1961675882339478,0.3153592646121979
378,14780,,,0.8630035519599915,0.8567559719085693,,
379,14819,,,,,1.2140058279037476,0.32044294476509094
379,14819,,,0.8843977451324463,0.8454163670539856,,
380,14858,,,,,1.2194126844406128,0.31896141171455383
380,14858,,,0.8956453204154968,0.8386926651000977,,
381,14897,,,,,1.2098439931869507,0.32957014441490173
381,14897,,,0.8039246797561646,0.8642885088920593,,
382,14936,,,,,1.1892139911651611,0.33017292618751526
382,14936,,,0.8474868535995483,0.8457136750221252,,
383,14975,,,,,1.1726751327514648,0.33024051785469055
383,14975,,,0.9046618938446045,0.8369063138961792,,
384,15014,,,,,1.2226537466049194,0.3414173126220703
384,15014,,,0.8333016633987427,0.8502192497253418,,
385,15053,,,,,1.2310011386871338,0.3214142620563507
385,15053,,,0.8524377346038818,0.8555665612220764,,
386,15092,,,,,1.2291374206542969,0.3430975079536438
386,15092,,,0.9154773354530334,0.8483505249023438,,
387,15131,,,,,1.1742645502090454,0.3421284556388855
387,15131,,,0.9026382565498352,0.8469603061676025,,
388,15170,,,,,1.2047988176345825,0.33057963848114014
388,15170,,,0.9180247783660889,0.845428466796875,,
389,15209,,,,,1.2446256875991821,0.31550800800323486
389,15209,,,0.8328074812889099,0.8674871921539307,,
390,15248,,,,,1.2189891338348389,0.3246082663536072
390,15248,,,0.941800057888031,0.8472062945365906,,
391,15287,,,,,1.2045353651046753,0.33249542117118835
391,15287,,,0.8903683423995972,0.8302545547485352,,
392,15326,,,,,1.2281572818756104,0.3169898986816406
392,15326,,,0.8174046874046326,0.852214515209198,,
393,15365,,,,,1.2005516290664673,0.31578361988067627
393,15365,,,0.9502708315849304,0.8430289030075073,,
394,15404,,,,,1.2021560668945312,0.3301529884338379
394,15404,,,0.9655245542526245,0.8407487869262695,,
395,15443,,,,,1.2261788845062256,0.3399980068206787
395,15443,,,0.9315870404243469,0.835852324962616,,
396,15482,,,,,1.1674513816833496,0.34884536266326904
396,15482,,,0.9572809934616089,0.8315647840499878,,
397,15521,,,,,1.2311086654663086,0.3477794826030731
397,15521,,,0.9315366744995117,0.8361377120018005,,
398,15560,,,,,1.2003123760223389,0.3365859091281891
398,15560,,,0.8094562888145447,0.8582314848899841,,
399,15599,,,,,1.237391710281372,0.31780701875686646
399,15599,,,0.9035740494728088,0.842431902885437,,
400,15638,,,,,1.2236310243606567,0.3449466824531555
400,15638,,,0.9813862442970276,0.848240315914154,,
401,15677,,,,,1.2439054250717163,0.3152430057525635
401,15677,,,0.8285322189331055,0.8512376546859741,,
402,15716,,,,,1.2317821979522705,0.30486148595809937
402,15716,,,0.8455992341041565,0.851678729057312,,
403,15755,,,,,1.2603317499160767,0.2960874140262604
403,15755,,,0.9025538563728333,0.8486575484275818,,
404,15794,,,,,1.2581062316894531,0.2995734214782715
404,15794,,,0.8065041303634644,0.8614115715026855,,
405,15833,,,,,1.2696541547775269,0.3008024990558624
405,15833,,,0.9236418604850769,0.851148247718811,,
406,15872,,,,,1.211572289466858,0.3243163824081421
406,15872,,,0.9029771089553833,0.8554991483688354,,
407,15911,,,,,1.1943106651306152,0.3191889226436615
407,15911,,,0.9041138887405396,0.8420932292938232,,
408,15950,,,,,1.1894187927246094,0.3323496878147125
408,15950,,,0.8428012132644653,0.864008903503418,,
409,15989,,,,,1.1862893104553223,0.31612247228622437
409,15989,,,0.8648527264595032,0.8548110723495483,,
410,16028,,,,,1.1840674877166748,0.3278195261955261
410,16028,,,0.9453133940696716,0.8370954990386963,,
411,16067,,,,,1.1755328178405762,0.3149907886981964
411,16067,,,0.83463054895401,0.8619388937950134,,
412,16106,,,,,1.20745050907135,0.32876449823379517
412,16106,,,0.9435107707977295,0.8340791463851929,,
413,16145,,,,,1.2312771081924438,0.33586838841438293
413,16145,,,0.879807710647583,0.8492163419723511,,
414,16184,,,,,1.197416067123413,0.3310144543647766
414,16184,,,0.8668731451034546,0.8583858013153076,,
415,16223,,,,,1.1442099809646606,0.33547714352607727
415,16223,,,0.8021584749221802,0.8550991415977478,,
416,16262,,,,,1.193541407585144,0.34071001410484314
416,16262,,,0.8499792814254761,0.845895528793335,,
417,16301,,,,,1.2151027917861938,0.34023118019104004
417,16301,,,0.8613532781600952,0.8510007858276367,,
418,16340,,,,,1.226763367652893,0.3206731677055359
418,16340,,,0.9000911116600037,0.8440989851951599,,
419,16379,,,,,1.1918895244598389,0.3271321952342987
419,16379,,,0.8896865844726562,0.8493321537971497,,
420,16418,,,,,1.2091330289840698,0.3326414227485657
420,16418,,,0.8040957450866699,0.8470173478126526,,
421,16457,,,,,1.187937617301941,0.32134559750556946
421,16457,,,0.8944669961929321,0.844946563243866,,
422,16496,,,,,1.2798454761505127,0.3120625913143158
422,16496,,,0.8040406703948975,0.861497163772583,,
423,16535,,,,,1.287994623184204,0.30399590730667114
423,16535,,,0.9166660904884338,0.8483424186706543,,
424,16574,,,,,1.2696161270141602,0.32415422797203064
424,16574,,,0.8797728419303894,0.8513789176940918,,
425,16613,,,,,1.3811217546463013,0.32319584488868713
425,16613,,,0.8544080853462219,0.8672418594360352,,
426,16652,,,,,1.2470496892929077,0.32907184958457947
426,16652,,,0.8502658009529114,0.8565893769264221,,
427,16691,,,,,1.1916356086730957,0.33154311776161194
427,16691,,,0.9268974661827087,0.8527247905731201,,
428,16730,,,,,1.2292016744613647,0.32465672492980957
428,16730,,,0.8190286159515381,0.8532441258430481,,
429,16769,,,,,1.1651349067687988,0.33090394735336304
429,16769,,,0.762779712677002,0.8733175992965698,,
430,16808,,,,,1.2033405303955078,0.3320876359939575
430,16808,,,0.8603405952453613,0.8427773714065552,,
431,16847,,,,,1.2302114963531494,0.32650482654571533
431,16847,,,0.8091580271720886,0.8569043278694153,,
432,16886,,,,,1.2605061531066895,0.3141932785511017
432,16886,,,0.8517431616783142,0.8533244132995605,,
433,16925,,,,,1.2545340061187744,0.31721773743629456
433,16925,,,0.8943936228752136,0.8481645584106445,,
434,16964,,,,,1.2471764087677002,0.3365069329738617
434,16964,,,0.8782423138618469,0.8570460677146912,,
435,17003,,,,,1.2059383392333984,0.316081702709198
435,17003,,,0.8570637702941895,0.8467062711715698,,
436,17042,,,,,1.2487379312515259,0.3178199529647827
436,17042,,,0.8967588543891907,0.8503799438476562,,
437,17081,,,,,1.2142807245254517,0.31210091710090637
437,17081,,,0.8030045628547668,0.8526426553726196,,
438,17120,,,,,1.2236906290054321,0.3122812509536743
438,17120,,,0.8970915079116821,0.8476456999778748,,
439,17159,,,,,1.2123030424118042,0.3152301609516144
439,17159,,,0.9157231450080872,0.8478981256484985,,
440,17198,,,,,1.2294983863830566,0.3111542761325836
440,17198,,,0.8556910753250122,0.8545782566070557,,
441,17237,,,,,1.2217873334884644,0.3170786201953888
441,17237,,,0.7915043234825134,0.8521652221679688,,
442,17276,,,,,1.2137619256973267,0.30947205424308777
442,17276,,,0.82606440782547,0.8439896702766418,,
443,17315,,,,,1.193712830543518,0.3268418610095978
443,17315,,,0.913620114326477,0.8392100930213928,,
444,17354,,,,,1.2211252450942993,0.3295133411884308
444,17354,,,0.7913010716438293,0.8569480776786804,,
445,17393,,,,,1.2348252534866333,0.3349352478981018
445,17393,,,0.8470132350921631,0.8504725694656372,,
446,17432,,,,,1.1762901544570923,0.3337364196777344
446,17432,,,0.8134269714355469,0.8523569107055664,,
447,17471,,,,,1.139770746231079,0.34591144323349
447,17471,,,0.7931091785430908,0.8669317364692688,,
448,17510,,,,,1.2427698373794556,0.3485133647918701
448,17510,,,0.8379368782043457,0.8628225922584534,,
449,17549,,,,,1.2146462202072144,0.3360270857810974
449,17549,,,0.7624653577804565,0.8641798496246338,,
450,17588,,,,,1.1941014528274536,0.3531942665576935
450,17588,,,0.8023460507392883,0.8547544479370117,,
451,17627,,,,,1.2020810842514038,0.3161430060863495
451,17627,,,0.8752741813659668,0.8351863026618958,,
452,17666,,,,,1.2260020971298218,0.3147452771663666
452,17666,,,0.8575656414031982,0.8398234248161316,,
453,17705,,,,,1.2357306480407715,0.3320249319076538
453,17705,,,0.8298444747924805,0.8636770844459534,,
454,17744,,,,,1.2148187160491943,0.3246484398841858
454,17744,,,0.8424113392829895,0.8539631962776184,,
455,17783,,,,,1.2139919996261597,0.3325776755809784
455,17783,,,0.8464460372924805,0.8600445985794067,,
456,17822,,,,,1.1724132299423218,0.34103456139564514
456,17822,,,0.8582299947738647,0.850852370262146,,
457,17861,,,,,1.2414803504943848,0.3367506265640259
457,17861,,,0.9116778373718262,0.8473007082939148,,
458,17900,,,,,1.2183363437652588,0.31647104024887085
458,17900,,,0.7867222428321838,0.8611894249916077,,
459,17939,,,,,1.2307188510894775,0.3174477517604828
459,17939,,,0.8243624567985535,0.8510043621063232,,
460,17978,,,,,1.2100540399551392,0.31386712193489075
460,17978,,,0.8397694230079651,0.8493479490280151,,
461,18017,,,,,1.2617969512939453,0.30889254808425903
461,18017,,,0.8507563471794128,0.8478465676307678,,
462,18056,,,,,1.23758065700531,0.31855812668800354
462,18056,,,0.8438382148742676,0.8551611304283142,,
463,18095,,,,,1.2108359336853027,0.32454127073287964
463,18095,,,0.8952180743217468,0.8578097224235535,,
464,18134,,,,,1.214577317237854,0.3235628008842468
464,18134,,,0.8470076322555542,0.8589448928833008,,
465,18173,,,,,1.2210693359375,0.3132297098636627
465,18173,,,0.8684605360031128,0.8461990356445312,,
466,18212,,,,,1.209890365600586,0.3079765737056732
466,18212,,,0.7960203289985657,0.860614001750946,,
467,18251,,,,,1.2203320264816284,0.3294617831707001
467,18251,,,0.8067008852958679,0.8509834408760071,,
468,18290,,,,,1.2425633668899536,0.31543028354644775
468,18290,,,0.749375581741333,0.8820403814315796,,
469,18329,,,,,1.22220778465271,0.33586758375167847
469,18329,,,0.8107590079307556,0.8617315888404846,,
470,18368,,,,,1.210754156112671,0.3407987356185913
470,18368,,,0.8364706635475159,0.8532119393348694,,
471,18407,,,,,1.1747443675994873,0.34786444902420044
471,18407,,,0.7702344059944153,0.8529086709022522,,
472,18446,,,,,1.216512680053711,0.3566252291202545
472,18446,,,0.7961328029632568,0.8620518445968628,,
473,18485,,,,,1.2243651151657104,0.3304119408130646
473,18485,,,0.7107052206993103,0.8742809891700745,,
474,18524,,,,,1.2310625314712524,0.32739296555519104
474,18524,,,0.801121711730957,0.8653825521469116,,
475,18563,,,,,1.3090451955795288,0.3274105489253998
475,18563,,,0.8971402049064636,0.8490702509880066,,
476,18602,,,,,1.2817497253417969,0.306991845369339
476,18602,,,0.8620619177818298,0.8566722273826599,,
477,18641,,,,,1.220365285873413,0.330792099237442
477,18641,,,0.8669474720954895,0.8458686470985413,,
478,18680,,,,,1.2040283679962158,0.3368348479270935
478,18680,,,0.8377709984779358,0.8591623306274414,,
479,18719,,,,,1.2041577100753784,0.3116172254085541
479,18719,,,0.83646160364151,0.8593197464942932,,
480,18758,,,,,1.2552448511123657,0.3176799416542053
480,18758,,,0.823973536491394,0.8476040959358215,,
481,18797,,,,,1.181311011314392,0.3043938875198364
481,18797,,,0.7800350189208984,0.8624547123908997,,
482,18836,,,,,1.236135721206665,0.2917744815349579
482,18836,,,0.8381417393684387,0.8686186671257019,,
483,18875,,,,,1.2535861730575562,0.30542096495628357
483,18875,,,0.8617476224899292,0.8500760197639465,,
484,18914,,,,,1.2545841932296753,0.3111687898635864
484,18914,,,0.8016851544380188,0.8768052458763123,,
485,18953,,,,,1.2423462867736816,0.312435507774353
485,18953,,,0.7849003076553345,0.8581206202507019,,
486,18992,,,,,1.1814666986465454,0.30975908041000366
486,18992,,,0.8292666673660278,0.8556300401687622,,
487,19031,,,,,1.2241638898849487,0.2991906404495239
487,19031,,,0.8442569375038147,0.8639097809791565,,
488,19070,,,,,1.2391531467437744,0.29376715421676636
488,19070,,,0.8613278269767761,0.8631802797317505,,
489,19109,,,,,1.3252476453781128,0.30195152759552
489,19109,,,0.8037294745445251,0.8675930500030518,,
490,19148,,,,,1.2759124040603638,0.3028450608253479
490,19148,,,0.9161830544471741,0.8493370413780212,,
491,19187,,,,,1.2858333587646484,0.3133127689361572
491,19187,,,0.9059672951698303,0.8335477113723755,,
492,19226,,,,,1.2834193706512451,0.31864503026008606
492,19226,,,0.7951086759567261,0.8628549575805664,,
493,19265,,,,,1.2900452613830566,0.2960137128829956
493,19265,,,0.826866626739502,0.8487777709960938,,
494,19304,,,,,1.2838068008422852,0.310621976852417
494,19304,,,0.8664065599441528,0.8484247922897339,,
495,19343,,,,,1.2625138759613037,0.2945939302444458
495,19343,,,0.7740788459777832,0.8665136694908142,,
496,19382,,,,,1.221020221710205,0.2982107400894165
496,19382,,,0.8595973253250122,0.851780354976654,,
497,19421,,,,,1.2701019048690796,0.319751113653183
497,19421,,,0.8430351614952087,0.8660971522331238,,
498,19460,,,,,1.2295053005218506,0.3076462149620056
498,19460,,,0.832873523235321,0.8601273894309998,,
499,19499,,,,,1.2902326583862305,0.3089599609375
499,19499,,,0.8175661563873291,0.8668365478515625,,
500,19538,,,,,1.2627931833267212,0.29858314990997314
500,19538,,,0.8198632597923279,0.8647632002830505,,
501,19577,,,,,1.2540167570114136,0.2998540997505188
501,19577,,,0.7745490074157715,0.8659468293190002,,
502,19616,,,,,1.2179385423660278,0.30358389019966125
502,19616,,,0.8312600255012512,0.8658683896064758,,
503,19655,,,,,1.2236976623535156,0.3059752285480499
503,19655,,,0.7041259407997131,0.8699387907981873,,
504,19694,,,,,1.2351765632629395,0.31183233857154846
504,19694,,,0.7921075224876404,0.8604035973548889,,
505,19733,,,,,1.2337020635604858,0.3108729124069214
505,19733,,,0.7891322374343872,0.8458765745162964,,
506,19772,,,,,1.2138845920562744,0.3016205132007599
506,19772,,,0.732639729976654,0.8594187498092651,,
507,19811,,,,,1.2601593732833862,0.2912563681602478
507,19811,,,0.7801476716995239,0.860807478427887,,
508,19850,,,,,1.2400425672531128,0.3016646206378937
508,19850,,,0.7541229128837585,0.869382917881012,,
509,19889,,,,,1.2311028242111206,0.3134525418281555
509,19889,,,0.7897554636001587,0.8602560758590698,,
510,19928,,,,,1.2732617855072021,0.3102644681930542
510,19928,,,0.7875292301177979,0.8624290823936462,,
511,19967,,,,,1.2044854164123535,0.3193202018737793
511,19967,,,0.8254872560501099,0.8530952334403992,,
512,20006,,,,,1.3359779119491577,0.342482328414917
512,20006,,,0.8935772776603699,0.8535031080245972,,
513,20045,,,,,1.236061930656433,0.31801843643188477
513,20045,,,0.8237310647964478,0.8543144464492798,,
514,20084,,,,,1.2635074853897095,0.3065643608570099
514,20084,,,0.8308110237121582,0.8596139550209045,,
515,20123,,,,,1.2268346548080444,0.3062307834625244
515,20123,,,0.9076172113418579,0.8564159870147705,,
516,20162,,,,,1.2426809072494507,0.2993427813053131
516,20162,,,0.8073760867118835,0.8548742532730103,,
517,20201,,,,,1.22215735912323,0.30460771918296814
517,20201,,,0.8233221769332886,0.8556885123252869,,
518,20240,,,,,1.2741177082061768,0.32459503412246704
518,20240,,,0.7874882817268372,0.8681066632270813,,
519,20279,,,,,1.2686020135879517,0.31080079078674316
519,20279,,,0.8147668838500977,0.8661200404167175,,
520,20318,,,,,1.2328335046768188,0.29637405276298523
520,20318,,,0.8149325847625732,0.8597244620323181,,
521,20357,,,,,1.2697213888168335,0.300872266292572
521,20357,,,0.8229446411132812,0.8646618723869324,,
522,20396,,,,,1.2445662021636963,0.3137703239917755
522,20396,,,0.7415494918823242,0.8733369708061218,,
523,20435,,,,,1.3133485317230225,0.3030199110507965
523,20435,,,0.8034616112709045,0.8500538468360901,,
524,20474,,,,,1.273730993270874,0.2994682490825653
524,20474,,,0.8065144419670105,0.867194652557373,,
525,20513,,,,,1.242365837097168,0.31900474429130554
525,20513,,,0.7903710603713989,0.8649162650108337,,
526,20552,,,,,1.3145021200180054,0.2941382825374603
526,20552,,,0.7820520997047424,0.870134711265564,,
527,20591,,,,,1.3012604713439941,0.29761186242103577
527,20591,,,0.7914031744003296,0.8705675005912781,,
528,20630,,,,,1.250780701637268,0.2952239215373993
528,20630,,,0.7440820932388306,0.8640549778938293,,
529,20669,,,,,1.2308285236358643,0.3132936656475067
529,20669,,,0.8401725888252258,0.8668439984321594,,
530,20708,,,,,1.26020085811615,0.29116353392601013
530,20708,,,0.7840439677238464,0.8620657324790955,,
531,20747,,,,,1.2877472639083862,0.31483587622642517
531,20747,,,0.8024195432662964,0.8549736142158508,,
532,20786,,,,,1.268580675125122,0.30886921286582947
532,20786,,,0.7470320463180542,0.8614237904548645,,
533,20825,,,,,1.2263600826263428,0.31130313873291016
533,20825,,,0.7220325469970703,0.8723565340042114,,
534,20864,,,,,1.2813645601272583,0.3199765682220459
534,20864,,,0.8411784172058105,0.8614489436149597,,
535,20903,,,,,1.2484097480773926,0.3175090253353119
535,20903,,,0.8581452965736389,0.8595877289772034,,
536,20942,,,,,1.3202002048492432,0.3064703941345215
536,20942,,,0.8666708469390869,0.8640556335449219,,
537,20981,,,,,1.219112753868103,0.30768775939941406
537,20981,,,0.8418316841125488,0.8579525947570801,,
538,21020,,,,,1.2330373525619507,0.31419092416763306
538,21020,,,0.768599271774292,0.8597604632377625,,
539,21059,,,,,1.287386178970337,0.3255217373371124
539,21059,,,0.8090869784355164,0.860880434513092,,
540,21098,,,,,1.2483645677566528,0.3292907476425171
540,21098,,,0.7534792423248291,0.8751667737960815,,
541,21137,,,,,1.2240930795669556,0.30729639530181885
541,21137,,,0.8201794028282166,0.8500145077705383,,
542,21176,,,,,1.2675065994262695,0.3235846161842346
542,21176,,,0.7537591457366943,0.8836808800697327,,
543,21215,,,,,1.254944086074829,0.3074912130832672
543,21215,,,0.8141908645629883,0.8665151596069336,,
544,21254,,,,,1.2232823371887207,0.3009900748729706
544,21254,,,0.8029096126556396,0.8632898330688477,,
545,21293,,,,,1.274841547012329,0.31422650814056396
545,21293,,,0.813774585723877,0.8547455072402954,,
546,21332,,,,,1.2940729856491089,0.3010745346546173
546,21332,,,0.7769976258277893,0.8700196743011475,,
547,21371,,,,,1.2490676641464233,0.29785996675491333
547,21371,,,0.7678479552268982,0.8538877964019775,,
548,21410,,,,,1.2441450357437134,0.306647926568985
548,21410,,,0.7428263425827026,0.8761005997657776,,
549,21449,,,,,1.2737149000167847,0.32303863763809204
549,21449,,,0.8226186037063599,0.8688369989395142,,
550,21488,,,,,1.258517861366272,0.2990315854549408
550,21488,,,0.755210280418396,0.8679470419883728,,
551,21527,,,,,1.295456886291504,0.3000435531139374
551,21527,,,0.7822474837303162,0.8655056953430176,,
552,21566,,,,,1.2687753438949585,0.30922967195510864
552,21566,,,0.7788457870483398,0.8599032163619995,,
553,21605,,,,,1.2425897121429443,0.3035387694835663
553,21605,,,0.773625910282135,0.8628147840499878,,
554,21644,,,,,1.2582966089248657,0.301228404045105
554,21644,,,0.7500463724136353,0.867476224899292,,
555,21683,,,,,1.2781767845153809,0.30508536100387573
555,21683,,,0.7734956741333008,0.8754010200500488,,
556,21722,,,,,1.2712597846984863,0.2991708517074585
556,21722,,,0.7388120293617249,0.8796213865280151,,
557,21761,,,,,1.2975307703018188,0.2930585443973541
557,21761,,,0.7049716114997864,0.8622192740440369,,
558,21800,,,,,1.2714581489562988,0.2935790717601776
558,21800,,,0.7824116945266724,0.8657676577568054,,
559,21839,,,,,1.2840943336486816,0.30259940028190613
559,21839,,,0.7247618436813354,0.8678874373435974,,
560,21878,,,,,1.2568765878677368,0.2980409860610962
560,21878,,,0.764716625213623,0.8666093349456787,,
561,21917,,,,,1.3450871706008911,0.30566826462745667
561,21917,,,0.7639086246490479,0.8689375519752502,,
562,21956,,,,,1.2443866729736328,0.30397918820381165
562,21956,,,0.8278817534446716,0.8572680354118347,,
563,21995,,,,,1.2837960720062256,0.3014771044254303
563,21995,,,0.7776419520378113,0.869945228099823,,
564,22034,,,,,1.2351433038711548,0.30686667561531067
564,22034,,,0.7800427079200745,0.8705663681030273,,
565,22073,,,,,1.2413560152053833,0.31739428639411926
565,22073,,,0.8297494649887085,0.8602250814437866,,
566,22112,,,,,1.262412667274475,0.295734167098999
566,22112,,,0.7527139186859131,0.8696621656417847,,
567,22151,,,,,1.2580721378326416,0.30355313420295715
567,22151,,,0.7688371539115906,0.8713952898979187,,
568,22190,,,,,1.2663846015930176,0.3128986954689026
568,22190,,,0.8386697769165039,0.8479213118553162,,
569,22229,,,,,1.3024812936782837,0.32202839851379395
569,22229,,,0.790272057056427,0.8623570203781128,,
570,22268,,,,,1.267250418663025,0.3305611312389374
570,22268,,,0.7634394764900208,0.8613746762275696,,
571,22307,,,,,1.2401665449142456,0.31755179166793823
571,22307,,,0.7617417573928833,0.8695399165153503,,
572,22346,,,,,1.2315508127212524,0.31720826029777527
572,22346,,,0.7184757590293884,0.8716112971305847,,
573,22385,,,,,1.2202426195144653,0.30353087186813354
573,22385,,,0.773072361946106,0.8680292963981628,,
574,22424,,,,,1.318288803100586,0.32264241576194763
574,22424,,,0.8070915341377258,0.8675941824913025,,
575,22463,,,,,1.2768844366073608,0.32260662317276
575,22463,,,0.7417495250701904,0.8768323063850403,,
576,22502,,,,,1.2513519525527954,0.3233410716056824
576,22502,,,0.7276804447174072,0.8751014471054077,,
577,22541,,,,,1.2598071098327637,0.32747623324394226
577,22541,,,0.7570487260818481,0.8621706962585449,,
578,22580,,,,,1.2282394170761108,0.3288262188434601
578,22580,,,0.7009298801422119,0.8752269148826599,,
579,22619,,,,,1.2779954671859741,0.3072265088558197
579,22619,,,0.7304560542106628,0.8734521865844727,,
580,22658,,,,,1.2725803852081299,0.3104217052459717
580,22658,,,0.7482146620750427,0.8744084239006042,,
581,22697,,,,,1.2674795389175415,0.3185243010520935
581,22697,,,0.7610905766487122,0.8501030206680298,,
582,22736,,,,,1.226595163345337,0.3145468235015869
582,22736,,,0.7821921706199646,0.8661276698112488,,
583,22775,,,,,1.2102242708206177,0.30733436346054077
583,22775,,,0.8548083901405334,0.8513229489326477,,
584,22814,,,,,1.3062241077423096,0.30532246828079224
584,22814,,,0.7362791299819946,0.8681431412696838,,
585,22853,,,,,1.2377620935440063,0.32857590913772583
585,22853,,,0.7194503545761108,0.8723710179328918,,
586,22892,,,,,1.259954571723938,0.3354402482509613
586,22892,,,0.7869817018508911,0.8627772927284241,,
587,22931,,,,,1.2454602718353271,0.324251651763916
587,22931,,,0.764022946357727,0.8731059432029724,,
588,22970,,,,,1.257165789604187,0.3369777202606201
588,22970,,,0.8413426280021667,0.8609399199485779,,
589,23009,,,,,1.3023972511291504,0.31853869557380676
589,23009,,,0.9098268151283264,0.8465144634246826,,
590,23048,,,,,1.2849740982055664,0.32224714756011963
590,23048,,,0.7909670472145081,0.8754442930221558,,
591,23087,,,,,1.236627459526062,0.31641045212745667
591,23087,,,0.7630937099456787,0.8766465783119202,,
592,23126,,,,,1.24906325340271,0.32844382524490356
592,23126,,,0.7363435626029968,0.8792729377746582,,
593,23165,,,,,1.2789499759674072,0.31135717034339905
593,23165,,,0.7577413320541382,0.8617257475852966,,
594,23204,,,,,1.249929666519165,0.3286803960800171
594,23204,,,0.8371983766555786,0.846867561340332,,
595,23243,,,,,1.2306149005889893,0.320513516664505
595,23243,,,0.8133975863456726,0.8521288633346558,,
596,23282,,,,,1.2274211645126343,0.3264201581478119
596,23282,,,0.8274874687194824,0.859806478023529,,
597,23321,,,,,1.2478114366531372,0.31597986817359924
597,23321,,,0.7073466777801514,0.8779597878456116,,
598,23360,,,,,1.3019343614578247,0.331267774105072
598,23360,,,0.8235092163085938,0.8556713461875916,,
599,23399,,,,,1.257457971572876,0.3220623731613159
599,23399,,,0.7708351016044617,0.8693649172782898,,
600,23438,,,,,1.2547422647476196,0.3014892637729645
600,23438,,,0.7324374318122864,0.8734602332115173,,
601,23477,,,,,1.3070406913757324,0.3050476908683777
601,23477,,,0.7121118307113647,0.8833996653556824,,
602,23516,,,,,1.2612760066986084,0.3021552264690399
602,23516,,,0.8159397840499878,0.862445056438446,,
603,23555,,,,,1.341055154800415,0.3203311860561371
603,23555,,,0.7828858494758606,0.874029815196991,,
604,23594,,,,,1.2665003538131714,0.31837743520736694
604,23594,,,0.763674795627594,0.8645824790000916,,
605,23633,,,,,1.30181884765625,0.31153562664985657
605,23633,,,0.6863903403282166,0.8829140067100525,,
606,23672,,,,,1.236832618713379,0.31902214884757996
606,23672,,,0.7438247799873352,0.8703097105026245,,
607,23711,,,,,1.282126545906067,0.31989210844039917
607,23711,,,0.7665868401527405,0.8808822631835938,,
608,23750,,,,,1.2420272827148438,0.31210461258888245
608,23750,,,0.7223803400993347,0.8701575994491577,,
609,23789,,,,,1.262710690498352,0.33341413736343384
609,23789,,,0.7651154398918152,0.8601594567298889,,
610,23828,,,,,1.2736953496932983,0.32871028780937195
610,23828,,,0.7995293140411377,0.8567097187042236,,
611,23867,,,,,1.2744513750076294,0.3230084478855133
611,23867,,,0.7332428097724915,0.8837561011314392,,
612,23868,7.797708034515381,0.05309467390179634,,,,
